F_res_filt_x,F_res_filt_y,F_res_filt_z,F_res_lim_x,F_res_lim_y,F_res_lim_z,F_res_raw_x,F_res_raw_y,F_res_raw_z,F_res_x,F_res_y,F_res_z,actuator_limit_violation,desired_pitch_rad,desired_roll_rad,desired_yaw_rad,ee_act_x,ee_act_y,ee_act_z,ee_des_pitch_rad_fk,ee_des_roll_rad_fk,ee_des_x,ee_des_y,ee_des_yaw_rad_fk,ee_des_z,ee_dot_norm,ee_dot_x,ee_dot_y,ee_dot_z,ee_err_norm,ee_err_x,ee_err_y,ee_err_z,ee_hf_norm,ee_hf_x,ee_hf_y,ee_hf_z,ee_omega_world_x,ee_omega_world_y,ee_omega_world_z,ee_pitch_rad,ee_roll_rad,ee_yaw_rad,hys_z_q2,hys_z_q3,hys_z_q4,joint_limit_violation,mode,ncon,pitch_error_rad,pitch_error_rad_vs_qdes_fk,q_des_1,q_des_2,q_des_3,q_des_4,q_err_norm,q_jnt_1,q_jnt_2,q_jnt_3,q_jnt_4,qdot_des_1,qdot_des_2,qdot_des_3,qdot_des_4,qdot_jnt_1,qdot_jnt_2,qdot_jnt_3,qdot_jnt_4,residual_gate,reward_step,roll_error_rad,roll_error_rad_vs_qdes_fk,sac_action_x,sac_action_y,sac_action_z,saturation_flag,tau_act_ideal_1,tau_act_ideal_2,tau_act_ideal_3,tau_act_ideal_4,tau_act_out_1,tau_act_out_2,tau_act_out_3,tau_act_out_4,tau_hys_q2,tau_hys_q3,tau_hys_q4,tau_loss_q2,tau_loss_q3,tau_loss_q4,tau_res_norm,tau_residual_1,tau_residual_2,tau_residual_3,tau_residual_4,tau_total_1,tau_total_2,tau_total_3,tau_total_4,tau_total_norm,tau_trans_err_q2,tau_trans_err_q3,tau_trans_err_q4,tau_vsd_1,tau_vsd_2,tau_vsd_3,tau_vsd_4,tau_vsd_norm,time
0.0,0.0,0.0,0.0,0.0,0.0,0.0,0.0,0.0,0.0,0.0,0.0,0,0.0,-1.5707963267948966,nan,0.24990118864375155,-0.19990301508803998,-0.10043818671790414,-0.00013218981248996897,-1.5708031070913941,0.25000022419949197,-0.2000002089585881,2.4668540196909077,-0.1000002979931984,0.04808895609787166,0.013883329197106331,-0.011020445144999114,0.044702915540195676,0.0004593486965229768,9.903555574042322e-05,-9.7193870548129e-05,0.00043788872470573725,0.000305691426274886,6.590705604560611e-05,-6.468143512310591e-05,0.00029141005475410563,0.05359976541598757,0.06700445228745416,-0.0004280029113718038,-0.0005135509101428237,-1.5708031129326099,2.466897844648742,-0.21773628847919224,-0.07744477392215159,0.002196534629029234,0,zero,0,0.0005135509101430458,0.0003813610976530768,0.6747452481444709,1.2749748210457625,1.4161908084926071,-0.45055462462244206,0.0018311789793937201,0.6747014285001551,1.2765770737527793,1.4154410884400725,-0.450083453317044,0.00016914512485574588,4.0510970149375334e-05,-3.73112186439833e-05,2.7599378480723773e-05,0.0004290657467207637,0.258525085376279,-0.10803718779497376,0.0646827050974828,1.0,-0.002408950589597225,6.786137713099549e-06,5.841215511281916e-09,0.0,0.0,0.0,0,0.001937859402758037,-1.0471360525969733,-0.41787250569010187,0.011124880438366014,0.001937859402758037,-0.17608255659483285,-0.06934286159341845,-0.00943409974261982,-0.0010432962202045685,-0.0002512865559791109,6.441398321642105e-06,0.0061643888616177735,-0.006453070206766203,0.00943409974261982,0.0,0.0,0.0,0.0,0.0,0.0036337134872642734,-6.9809070173131555,-1.3929083523003396,0.03708293479455338,7.1186125621645395,-0.8710534960021404,-0.3485296440966834,0.020558980180985835,0.0036337134872642734,-6.9809070173131555,-1.3929083523003396,0.03708293479455338,7.1186125621645395,0.01
0.0,0.0,0.0,0.0,0.0,0.0,0.0,0.0,0.0,0.0,0.0,0.0,0,0.0,-1.5707963267948966,nan,0.249541143858904,-0.19961711966055676,-0.10147161697162224,-0.00013162328272042778,-1.5708031070738608,0.24999955556479897,-0.2000012843279511,2.4668500921862995,-0.10000051239718813,0.1130945819954427,0.035937615015455004,-0.02869707968462254,0.1033215849728375,0.001588040444288723,0.00045841170589497326,-0.0003841646673943544,0.0014711045744341122,0.0009549611391822555,0.00028302122300150956,-0.00023402063216277112,0.0008815237423921932,0.10524537886245128,0.13156493716483808,-0.0005423255831665444,-0.0018630861866868464,-1.5708031276495835,2.466892651993253,-0.53364192569861,-0.12358514365175742,-0.014959686321475886,0,zero,0,0.0018630861866868464,0.0017314629039661966,0.6747491756454734,1.2749757616988024,1.416189942136874,-0.4505539837728359,0.005886290975918965,0.6747066374304421,1.2802628143094121,1.413980535060242,-0.4492078013870425,0.0006711570303142074,0.00016074493689244887,-0.0001480485276998467,0.00010951256747977838,0.0005443194503717847,0.42716123863352506,-0.16035604638267728,0.09832397248601807,1.0,-0.009270435199141502,6.800854686961344e-06,2.057572245917072e-08,0.0,0.0,0.0,0,0.0005448584429800792,-1.4535112115934805,-0.14392641613759505,-0.09134400033600577,0.0005448584429800792,-0.49808043477842784,-0.1190929149733864,-0.020951130177499555,-0.0025569766432261567,-0.000400999106145638,-4.3869692328062375e-05,0.007499263144882324,-0.00756066094433363,0.010278857317490333,0.0,0.0,0.0,0.0,0.0,0.0010216734351773471,-9.690074743956536,-0.4797547204586502,-0.3044800011200193,9.70672046832324,-0.9554307768150527,-0.024833501164208654,-0.07039287015850622,0.0010216734351773471,-9.690074743956536,-0.4797547204586502,-0.3044800011200193,9.70672046832324,0.02
0.0,0.0,0.0,0.0,0.0,0.0,0.0,0.0,0.0,0.0,0.0,0.0,0,0.0,-1.5707963267948966,nan,0.2489278973827701,-0.19912881706297056,-0.10282125255679198,-0.00013009740537417436,-1.5708031070266362,0.2499977546569694,-0.20000418068995993,2.466839513941982,-0.10000108986762299,0.15604806624364975,0.06114455683043363,-0.04911989595950128,0.13490581147348746,0.0031407282053679854,0.0010698572741993095,-0.0008753636269893672,0.002820162689168987,0.00167056383384295,0.000595257657765287,-0.00048262553708114923,0.001484427308686071,0.17269953406138813,0.2158862243638932,-0.0005136479932611468,-0.004164963093038487,-1.5708031492145331,2.466887095809021,-0.7733417411125203,-0.10489841117491278,-0.05126736133993163,0,zero,0,0.004164963093038487,0.004034865687664535,0.6747597538800783,1.274978295230565,1.4161876087156504,-0.450552257724268,0.010832641549285947,0.6747122196549327,1.2849269307939704,1.412566578447324,-0.4482595183899416,0.0014979496185693426,0.0003587652457313457,-0.0003304282389680327,0.00024442015992603815,0.0005166769861089721,0.4758113422434196,-0.1138035170836054,0.08554446537459544,1.0,-0.020870419219136238,6.822419636343113e-06,4.2187896731604724e-08,0.0,0.0,0.0,0,0.0026973938057615865,-1.7494404294753474,0.012766824487463201,-0.15295438146611992,0.0026973938057615865,-0.8581409064293635,-0.10119493452322878,-0.05648786843572484,-0.0037055123932922917,-0.00034036590381581405,-0.00015034294971985157,0.008018717885635608,-0.007159355811342518,0.010227664476918853,0.0,0.0,0.0,0.0,0.0,0.005057929506397125,-11.662936196502317,0.04255608162487734,-0.5098479382203998,11.674153598720794,-0.8912995230459839,0.11396175901069198,-0.09646651303039508,0.005057929506397125,-11.662936196502317,0.04255608162487734,-0.5098479382203998,11.674153598720794,0.03
0.0,0.0,0.0,0.0,0.0,0.0,0.0,0.0,0.0,0.0,0.0,0.0,0,0.0,-1.5707963267948966,nan,0.2479736386879196,-0.1983678038682667,-0.10420180132123255,-0.000127149487064937,-1.5708031069353983,0.2499942752961467,-0.2000097762686939,2.4668190773058636,-0.10000220551147443,0.18424185430310028,0.09507793340277904,-0.07666087734378435,0.13794331205891353,0.0049412195490192694,0.0020206366082271,-0.0016419724004272107,0.004199595809758122,0.0023199243455255284,0.001028870347673491,-0.0008313514787887786,0.0019058671242654854,0.26248051487141716,0.32811579987783,-0.0005839537795320934,-0.007768191620879605,-1.5708031767162776,2.4668813123552726,-0.9137096497574333,-0.08378429316981705,-0.08440505935721078,0,zero,0,0.007768191620879605,0.007641042133814668,0.6747801904974348,1.274983189886538,1.4161831006631767,-0.45054892308522493,0.015164155594993862,0.6747180408665431,1.2893585504131002,1.4122586076512644,-0.4477390980616027,0.0026415022662912707,0.0006326509235811288,-0.0005826811070684133,0.0004310134322064431,0.0005882210926066651,0.4073497555656397,0.036525146776444486,0.023689233859104365,1.0,-0.037373825907707214,6.849921381224533e-06,6.978087929709886e-08,0.0,0.0,0.0,0,0.007527408689975274,-1.8778174602952045,-0.06969888742058213,-0.14560971587606475,0.007527408689975274,-1.1838180613255551,-0.0863246847515347,-0.08927176772073583,-0.0043780934754358534,-0.0002718565167089398,-0.00024752016221202207,0.007693084064886063,-0.0010165944560550106,0.009119283825772305,0.0,0.0,0.0,0.0,0.0,0.01411477346704533,-12.518783068634697,-0.23232962473527374,-0.4853657195868825,12.530350580995112,-0.6939993989696494,0.01662579733095257,-0.056337948155328915,0.01411477346704533,-12.518783068634697,-0.23232962473527374,-0.4853657195868825,12.530350580995112,0.04
0.0,0.0,0.0,0.0,0.0,0.0,0.0,0.0,0.0,0.0,0.0,0.0,0,0.0,-1.5707963267948966,nan,0.2466378733417788,-0.19730281314126544,-0.10537305311290462,-0.0001223283566809119,-1.57080310678618,0.24998858474903196,-0.20001892734346155,2.466785654504783,-0.10000403007510486,0.2071337640993544,0.13300747990260542,-0.1074141801768902,0.11694272280416418,0.006887013262256175,0.003350711407253154,-0.0027161142021961127,0.005369023037799764,0.0028741847118526967,0.0015698516439846561,-0.0012680844924564888,0.0020465740381715516,0.34750372489316916,0.4343927409994983,-0.0010738527971729296,-0.01282984191968417,-1.570803209034832,2.4668724966511855,-0.9843466942283259,-0.13661058052963007,-0.09176233397714091,0,zero,0,0.01282984191968417,0.01270751356300348,0.6748136132678312,1.2749911947808854,1.4161757280339329,-0.450543469498012,0.01792332558264662,0.6747269066290336,1.2925783378927607,1.4138479162493425,-0.44799165223216325,0.004093859824626275,0.0009804966787698,-0.0009030523294402904,0.0006679943441659992,0.0010792361486721815,0.2572144825853432,0.24483551601945955,-0.054237593733863255,1.0,-0.05879303440451622,6.882239935279699e-06,1.0224865221175605e-07,0.0,0.0,0.0,0,0.013799537670460157,-1.8285789926382126,-0.42311909987927765,-0.05923919024991007,0.013799537670460157,-1.4230288419823698,-0.15432148438561905,-0.07883145076106057,-0.00471655502457697,-0.0004432629931376008,-0.0002690955727529534,0.006732279438769325,0.008270959479693661,-0.00911593487794942,0.0,0.0,0.0,0.0,0.0,0.0258757503665107,-12.190526617588084,-1.4103969995975922,-0.19746396749970024,12.273460004559238,-0.40555015065584277,-0.2687976154936586,0.019592260511150504,0.0258757503665107,-12.190526617588084,-1.4103969995975922,-0.19746396749970024,12.273460004559238,0.05
0.0,0.0,0.0,0.0,0.0,0.0,0.0,0.0,0.0,0.0,0.0,0.0,0,0.0,-1.5707963267948966,nan,0.24501115812398827,-0.1960085419786242,-0.10618220487837945,-0.00011519427093875656,-1.570803106565362,0.24998016351044142,-0.20003246837641794,2.466736196989772,-0.10000672998001872,0.22315045923033888,0.16182939791999917,-0.13078121955976407,0.08064518605609694,0.008889290658187823,0.004969005386453146,-0.004023926397793753,0.006175474898360733,0.0033234003779045343,0.002121675298309246,-0.0017142304712486202,0.0018986568652189645,0.3997686174642831,0.49970850450570253,-0.0022476033819635592,-0.018950547336620494,-1.570803243858298,2.466854954065608,-1.0,-0.2870434182049865,-0.059853723920629515,0,zero,0,0.018950547336620716,0.018835353065681737,0.6748630707374398,1.2750030400532615,1.416164818358211,-0.45053539953191873,0.019183127172521523,0.6747445078032062,1.294077277477897,1.4174812116268145,-0.448980122585916,0.0058471326191967985,0.0014004129010382988,-0.001289801546342395,0.000954075539107778,0.002253597202799063,0.07849992015681428,0.4333858774102192,-0.12805445001696872,1.0,-0.08469218015670776,6.917063401168377e-06,1.372929361309616e-07,0.0,0.0,0.0,0,0.019833684950789545,-1.6418959916866491,-0.9502934759997814,0.06053438621157737,0.019833684950789545,-1.547655679405291,-0.3427477555620301,-0.048021885111524776,-0.004791558758953817,-0.0009313753314033659,-0.00017552269457129585,0.005490084344122743,0.011522584725936563,-0.010677075365148243,0.0,0.0,0.0,0.0,0.0,0.03719048368796089,-10.945973277910994,-3.1676449199992716,0.20178128737192458,11.396947142105606,-0.09424031228135821,-0.6075457204377513,0.10855627132310214,0.03719048368796089,-10.945973277910994,-3.1676449199992716,0.20178128737192458,11.396947142105606,0.060000000000000005
0.0,0.0,0.0,0.0,0.0,0.0,0.0,0.0,0.0,0.0,0.0,0.0,0,0.0,-1.5707963267948966,nan,0.24331166494443918,-0.19466255520175063,-0.10657790225728289,-0.00010531881993425252,-1.5708031062596697,0.24996850506024756,-0.2000512121282566,2.4666677347813075,-0.10001046735861585,0.22056536744142183,0.1687834729355242,-0.13647305287122213,0.03919600003063073,0.010792698686947877,0.006656840115808388,-0.005388656926505975,0.0065674348986670406,0.003598522350094337,0.002535186368395381,-0.0020490141512259606,0.0015243799361400901,0.3942823855879684,0.4928169384161415,-0.004257498176531965,-0.02538439105077872,-1.5708032766470337,2.4668208817375508,-0.9898717279409509,-0.47458889381694985,0.00644044825020669,0,zero,0,0.02538439105077872,0.02527907223084469,0.6749315328830613,1.2750194370256247,1.4161497164976855,-0.4505242285763844,0.019913882334052987,0.6747786400208059,1.2939202098530065,1.4224177270342815,-0.45063451832208695,0.007893496450101452,0.0018905256615405041,-0.0017412028408528887,0.0012879803437929175,0.004263227076294661,-0.07077749778372194,0.5141438676680786,-0.18776523568027886,1.0,-0.11299779266119003,6.949852137339008e-06,1.7038736377372743e-07,0.0,0.0,0.0,0,0.02413162812641256,-1.389832637949936,-1.4655887750978775,0.18280271603947723,0.02413162812641256,-1.5480364021290869,-0.6410769607406203,0.012008695242347026,-0.004743028548256213,-0.0015399077638612085,1.8886791950026694e-05,-0.005015230539589768,0.013287449311750929,-0.012008695242347026,0.0,0.0,0.0,0.0,0.0,0.045249630838950984,-9.26555091966624,-4.885295916992925,0.6093423867982575,10.49237321652998,0.15820376417915094,-0.8245118143572573,0.1707940207971302,0.045249630838950984,-9.26555091966624,-4.885295916992925,0.6093423867982575,10.49237321652998,0.07
0.0,0.0,0.0,0.0,0.0,0.0,0.0,0.0,0.0,0.0,0.0,0.0,0,0.0,-1.5707963267948966,nan,0.2418619379862862,-0.19352598329635887,-0.1066089516921678,-9.228483269985155e-05,-1.5708031058561653,0.24995311559823988,-0.20007594976316867,2.466577375814565,-0.1000154000899452,0.18457101569460102,0.14343374961452993,-0.11613095403038287,0.002611670355556761,0.012322505370081435,0.008091177611953687,-0.0065499664668098034,0.006593551602222608,0.0035507017721933005,0.0026416737893648085,-0.002136434555047681,0.0010318381935351265,0.31520716721347036,0.3939334915509424,-0.007025008520344314,-0.031047351199907647,-1.5708033012802771,2.4667622062075214,-0.8666804439751418,-0.6162909809297203,0.08987488962768156,0,zero,0,0.031047351199907425,0.030955066367207795,0.6750218917668699,1.2750410783590524,1.416129784500987,-0.4505094847341634,0.02094796286538728,0.6748373663784925,1.2926725714385507,1.427216203505652,-0.4527466400777409,0.010225192591914995,0.00244897671284323,-0.0022555447388693606,0.0016684427684406195,0.0070293827391317825,-0.15010887705913592,0.4350993514769148,-0.2195282203445562,1.0,-0.1384122371673584,6.9744853803399565e-06,1.9542411155981654e-07,0.0,0.0,0.0,0,0.025663777837346944,-1.1597920358025722,-1.744542601305653,0.2918368804543,0.025663777837346944,-1.470231207662058,-0.9691389820017718,0.09185782363605768,-0.004152750272543073,-0.001999691266895428,0.00026356059019264045,-0.005678464234878838,0.01253886298657763,-0.012865522962887257,0.0,0.0,0.0,0.0,0.0,0.0481225911069697,-7.7319469053504815,-5.815142004352177,0.9727896015143335,9.723554641720753,0.3104391718594859,-0.7754036193038812,0.19997905681824232,0.0481225911069697,-7.7319469053504815,-5.815142004352177,0.9727896015143335,9.723554641720753,0.08
0.0,0.0,0.0,0.0,0.0,0.0,0.0,0.0,0.0,0.0,0.0,0.0,0,0.0,-1.5707963267948966,nan,0.24101380468976524,-0.19288262025566907,-0.10638605228340908,-7.568628275111955e-05,-1.570803105342243,0.2499335137593545,-0.20010745094419694,2.466462305284677,-0.10002168183546156,0.10928998561266673,0.08285314576355618,-0.06748642217180578,-0.022918115427508767,0.013124960935664318,0.008919709069589249,-0.007224830688527861,0.0063643704479475205,0.0030197345654675504,0.002309382827146161,-0.0018708879316725654,0.0005341592933609321,0.1502020951160586,0.18768318939620965,-0.010239181371545714,-0.03461410183949565,-1.5708033120184939,2.4666730196722852,-0.680775841551903,-0.6877532345946746,0.16927884429289686,0,zero,0,0.034614101839495426,0.03453841555674453,0.6751369621911578,1.2750686382105552,1.416104401459272,-0.45049070871449054,0.021857227714208196,0.6749265827717138,1.291104841705378,1.430323826389834,-0.4547734970547393,0.012834527793688369,0.003073923488926233,-0.002831130209108832,0.0020942075067281545,0.0102410409996559,-0.15141903968968903,0.21196633965633513,-0.179839098821957,1.0,-0.15271258354187012,6.985223597322232e-06,2.0667625078019114e-07,0.0,0.0,0.0,0,0.024635065939644183,-1.0206342269504536,-1.6382914568105735,0.36469222476778684,0.024635065939644183,-1.3495882227185674,-1.2121939059864064,0.17908648527122048,-0.0032619774464721766,-0.0022315662236746044,0.0004964148750979099,-0.0057916910460722925,0.009321253343373125,-0.012383586728872157,0.0,0.0,0.0,0.0,0.0,0.046193635739066534,-6.804228179669691,-5.460971522701912,1.2156407492259562,8.809066203402821,0.3289539957681138,-0.4260975508241671,0.18560573949656636,0.046193635739066534,-6.804228179669691,-5.460971522701912,1.2156407492259562,8.809066203402821,0.09
0.0,0.0,0.0,0.0,0.0,0.0,0.0,0.0,0.0,0.0,0.0,0.0,0,0.0,-1.5707963267948966,nan,0.2410362648927227,-0.1929488328964273,-0.10603710337221631,-5.51281936453929e-05,-1.5708031047056241,0.24990923031161305,-0.20014646392005137,2.4663197849919882,-0.10002946207477828,0.03608053179690747,-0.004674365069889941,0.002719966490380421,-0.03567291505094938,0.01290841437341327,0.00887296541889035,-0.007197631023624057,0.006007641297438027,0.0019459380328611903,0.0015057610965899396,-0.0012269539461872044,0.00011807777804306863,-0.08229286357577534,-0.1028006241994848,-0.013504211855958303,-0.03484873820813972,-1.570803305819865,2.466551053805613,-0.5082748504290984,-0.7025873273903774,0.22214275827122948,0,zero,0,0.03484873820813972,0.03479361001449455,0.6752794823530803,1.2751027723898891,1.416072963361797,-0.45046745372624664,0.021480623284812893,0.6750485475138835,1.2898933867903077,1.4306864911120631,-0.45585692291666063,0.015713874278948662,0.0037635391051822047,-0.003466276663107752,0.0025640299357908565,0.013502753918971468,-0.09594542342468508,-0.08370113807342598,-0.04796473234927969,1.0,-0.14877848327159882,6.979024968600811e-06,2.011142408164801e-07,0.0,0.0,0.0,0,0.022639715873092294,-0.9959111730128691,-1.1584148454592633,0.329839761028035,0.022639715873092294,-1.2332814566524097,-1.2621632861790606,0.24136372867398367,-0.0024354288115294876,-0.002279698691508441,0.0006514397594203379,-0.0054614157701198375,-0.005392572390307728,-0.010009054168756176,0.0,0.0,0.0,0.0,0.0,0.04245212051958053,-6.639407820085794,-3.8613828181975447,1.0994658700934499,7.759036077511469,0.2373702836395406,0.10374844071979727,0.0884760323540513,0.04245212051958053,-6.639407820085794,-3.8613828181975447,1.0994658700934499,7.759036077511469,0.09999999999999999
0.0,0.0,0.0,0.0,0.0,0.0,0.0,0.0,0.0,0.0,0.0,0.0,0,0.0,-1.5707963267948966,nan,0.24199271603362874,-0.19377536034434723,-0.1056541355502274,-3.022654452689011e-05,-1.5708031039343464,0.24987980783903996,-0.2001937156044025,2.466147152687309,-0.1000388861414242,0.13165063204202673,-0.09858736134791268,0.07792757635687875,-0.03923918886348243,0.01161604611364507,0.007887091805411223,-0.00641835526005527,0.005615249408803202,0.0004917178845068134,0.0003459793124865338,-0.00029792482963958335,-0.00018255297630941688,-0.32113281970951624,-0.40103827680963794,-0.016503559259605654,-0.031184283332333695,-1.5708032838835808,2.466397711378143,-0.39662507626905197,-0.49816223098453644,0.22439927508955765,0,zero,0,0.031184283332333695,0.031154056787806805,0.6754521144994002,1.275144118516373,1.4160348829514877,-0.4504392853711239,0.0193031272429412,0.6752018545325855,1.2893604798109164,1.4281779914916863,-0.4552338737611895,0.01885566974569914,0.00451601235841678,-0.004159315955222003,0.003076676116222128,0.016498840081684205,-0.025824155666349054,-0.35341083517781846,0.13453352181857614,1.0,-0.12629172205924988,6.957088684256263e-06,1.7994923418029884e-07,0.0,0.0,0.0,0,0.0218441059837434,-1.0635409812543921,-0.4583578827812094,0.14598175438098682,0.0218441059837434,-1.1556733276514222,-1.102207034660733,0.22616028656491083,-0.0019004523582177016,-0.001616396626953917,0.0006580570571648129,-0.004967156841551475,-0.009967828177704259,0.01034476270832488,0.0,0.0,0.0,0.0,0.0,0.040960258735689856,-7.090273208362615,-1.5278596092706982,0.48660584793662276,7.269442354741339,0.09213234639703005,0.6438491518795237,-0.08017853218392401,0.040960258735689856,-7.090273208362615,-1.5278596092706982,0.48660584793662276,7.269442354741339,0.10999999999999999
0.0,0.0,0.0,0.0,0.0,0.0,0.0,0.0,0.0,0.0,0.0,0.0,0,0.0,-1.5707963267948966,nan,0.2436793130211602,-0.19519846652657546,-0.10525881788224364,-6.081756858122844e-07,-1.5708031030167613,0.2498448004117164,-0.20024991164859607,2.46594182141717,-0.10005009525859401,0.22355377683585592,-0.1721604414855027,0.1366910138034666,-0.040652678515357143,0.00952161351631186,0.006165487390556196,-0.005051445122020604,0.005208722623649631,0.0012238643500526638,-0.0009154631388869662,0.0007113977813886013,-0.00039202600080151355,-0.4944677850221694,-0.617274550093751,-0.019143808746810827,-0.024256781268333194,-1.570803251105942,2.4662162629026936,-0.35739469050356826,-0.11563674898322117,0.13706909909522116,0,zero,0,0.024256781268332972,0.02425617309264716,0.6756574455812326,1.275193296175699,1.415989589580513,-0.45040578153679117,0.016285094763222548,0.675383240134592,1.2893852974847622,1.4235782783968713,-0.4528812660776844,0.022252417366419204,0.005329547726848522,-0.004908594382626889,0.003630922792073433,0.01913681734791864,0.01426423118727663,-0.5108432054447585,0.2943233169496146,1.0,-0.09346903860569,6.924311045430898e-06,1.480891809180207e-07,0.0,0.0,0.0,0,0.023984703198944884,-1.1641053195228512,0.2280889413416502,-0.133634936810421,0.023984703198944884,-1.1374538068451534,-0.7623592063244854,0.1463936789629104,-0.001712477659685961,-0.0003752087962168243,0.00040195890981748877,0.004770024372097299,-0.01299040116903705,0.013921197197583838,0.0,0.0,0.0,0.0,0.0,0.04497412938110798,-7.7607021301523424,0.760296471138834,-0.44544978936807,7.810697565783668,-0.02665151267769783,0.9904481476661355,-0.2800286157733314,0.04497412938110798,-7.7607021301523424,0.760296471138834,-0.44544978936807,7.810697565783668,0.11999999999999998
0.0,0.0,0.0,0.0,0.0,0.0,0.0,0.0,0.0,0.0,0.0,0.0,0,0.0,-1.5707963267948966,nan,0.245677933453976,-0.1968827334432158,-0.10480986041254306,3.408930589610115e-05,-1.5708031019415238,0.24980377324506123,-0.2003157365086886,2.465701278869085,-0.1000632265749005,0.2644436247403944,-0.20396475994709784,0.1618442056547792,-0.04620887860070644,0.0071650957298490595,0.004125839791085217,-0.0034330030654728116,0.0047466338376425665,0.0025679889648557944,-0.001966593185627306,0.0015504823861303809,-0.0005684038495337804,-0.5361031985227569,-0.6689678062354852,-0.021549365104124238,-0.01574463891752864,-1.5708032145937105,2.4660097790728885,-0.3662023088163086,0.26972010720638273,-0.021490261348212587,0,zero,0,0.01574463891752842,0.015778728223424743,0.6758979879087901,1.2752509070767504,1.4159365290658557,-0.4503665322900597,0.014438792456257697,0.6755896486387588,1.2894573034822039,1.4183545413185528,-0.44952085362391936,0.025896685788064446,0.006202365370108941,-0.005712472685317152,0.004225557390854304,0.021541872128486537,-0.006421893009199498,-0.5080703237604479,0.34278532116505944,1.0,-0.06191173568367958,6.887798813970392e-06,1.1265218669009869e-07,0.0,0.0,0.0,0,0.029540852677324175,-1.227322514140395,0.6805951605961725,-0.39926401639973247,0.029540852677324175,-1.1464636090690794,-0.34512791550985833,-0.000963746422930175,-0.001754679880357894,0.0008751660491169975,-6.302078353356313e-05,0.004580549330848616,-0.013474012679485078,0.015567677588367572,0.0,0.0,0.0,0.0,0.0,0.055392560805033145,-8.1821500942693,2.268650535320575,-1.3308800546657749,8.594688212626515,-0.08085890507131555,1.025723076106031,-0.3983002699768023,0.055392560805033145,-8.1821500942693,2.268650535320575,-1.3308800546657749,8.594688212626515,0.12999999999999998
0.0,0.0,0.0,0.0,0.0,0.0,0.0,0.0,0.0,0.0,0.0,0.0,0,0.0,-1.5707963267948966,nan,0.24746270455989636,-0.1984068605693555,-0.10425095869891965,7.421762099157903e-05,-1.5708031006975878,0.24975630235032867,-0.20039185350763605,2.465423086716796,-0.10007841320011882,0.24048745285777298,-0.1832242000652906,0.14480101271922563,-0.05740883388417328,0.005158577684678476,0.0022935977904323113,-0.0019849929382805553,0.004172545498800834,0.0033092528300780943,-0.002528082380699937,0.0019954632722601296,-0.0007603157888899257,-0.42098857008090546,-0.5250749530952077,-0.024039441670753326,-0.00807144353739564,-1.5708031810657326,2.4657788877852282,-0.38175353786121075,0.5008544013845982,-0.17729625917676126,0,zero,0,0.008071443537395417,0.00814566115838744,0.6761761798061269,1.2753175352084118,1.4158751635448843,-0.4503211397700482,0.014249388296802314,0.6758204719648361,1.288957207662456,1.4140730941675053,-0.44662919989104255,0.029781109132066608,0.007132701129242485,-0.006569326046106959,0.00485937802353234,0.024033441103941424,-0.08628541815000378,-0.35847752103297015,0.2282417175337711,1.0,-0.039504438638687134,6.854270836242904e-06,8.036814502787593e-08,0.0,0.0,0.0,0,0.03780954275054153,-1.1985894986257015,0.7590838602827351,-0.5094579277876379,0.03780954275054153,-1.152814566480402,0.011451516302511875,-0.1560993176429843,-0.001829194508100492,0.0016251319643263323,-0.0005199261651519422,-0.005157584854574158,-0.011451516302511875,0.013886353650379987,0.0,0.0,0.0,0.0,0.0,0.07089732373999913,-7.9905966575046765,2.530279534275784,-1.6981930926254596,8.552241558495298,-0.045774932145299596,0.7476323439802233,-0.3533586101446536,0.07089732373999913,-7.9905966575046765,2.530279534275784,-1.6981930926254596,8.552241558495298,0.13999999999999999
0.0,0.0,0.0,0.0,0.0,0.0,0.0,0.0,0.0,0.0,0.0,0.0,0,0.0,-1.5707963267948966,nan,0.24857912398612747,-0.19940742739434042,-0.10354591405227509,0.00012011791257515725,-1.5708030992741957,0.2497019741782357,-0.2004789048934224,2.4651048799655366,-0.10009578424093032,0.16513766445358224,-0.11707475983240845,0.091351543919857,-0.07224156874560683,0.003783153750521691,0.0011228501921082268,-0.0010714774990819853,0.0034501298113447654,0.0032833625204155034,-0.0024615300324023048,0.0019358928370543644,-0.0009867412343124004,-0.18024356391441398,-0.2246870606960591,-0.02697273319987243,-0.0035430621361436376,-1.5708031547530146,2.4655206912058416,-0.3683146885746888,0.5909051824064837,-0.2618611602844787,0,zero,0,0.0035430621361438597,0.003663180048718573,0.676494386265884,1.2753937469963872,1.4158049713309258,-0.45026921808134834,0.013401404380752834,0.6760786256523981,1.2874110798060776,1.411865151655404,-0.4458548873784847,0.0338983869943336,0.008118806526706537,-0.00747754409062991,0.005531193484533207,0.02696974613557996,-0.20266664545268936,-0.12173274467474976,-0.0363505980450726,1.0,-0.026431089267134666,6.827958118016397e-06,5.5478818872245483e-08,0.0,0.0,0.0,0,0.0470881392033529,-1.0716233692618335,0.4690990901517472,-0.3694340595371337,0.0470881392033529,-1.14267569539693,0.21653148594534985,-0.25800082484719095,-0.0017648014720913975,0.0019173214753831426,-0.00076791506770151,-0.005939870924884441,-0.007804889074200143,0.00877724874817142,0.0,0.0,0.0,0.0,0.0,0.08829577949250497,-7.14415579507889,1.5636636338391574,-1.231446865123779,7.416755591931673,0.07105232613509638,0.25256760420639734,-0.11143323468994276,0.08829577949250497,-7.14415579507889,1.5636636338391574,-1.231446865123779,7.416755591931673,0.15
0.0,0.0,0.0,0.0,0.0,0.0,0.0,0.0,0.0,0.0,0.0,0.0,0,0.0,-1.5707963267948966,nan,0.24883823382167003,-0.19973449855639555,-0.10271170265772125,0.00017212084027229402,-1.5708030976608744,0.24964038525755206,-0.20057751189385517,2.464744366297286,-0.10011546483665701,0.0940305852611835,-0.03206987562262009,0.022846416162236594,-0.08538919902805198,0.002845095646326644,0.0008021514358820259,-0.0008430133374596194,0.0025962378210642456,0.00264636793040317,-0.0018515421793002815,0.0014403554051675132,-0.0012249208497462395,0.06308884445002541,0.07860143321062374,-0.03060653822676385,-0.0030569214896059016,-1.5708031376002682,2.465229282485459,-0.291276954387531,0.5720603600361327,-0.2372350808909678,0,zero,0,0.0030569214896059016,0.0032290423298784177,0.6768548996040341,1.275480091460011,1.415725446768836,-0.4502103931871905,0.010180815956360046,0.676370023492041,1.284695644550384,1.4121991116307366,-0.4477502203425279,0.03824128444524947,0.009158948766371416,-0.008435530887339027,0.0062398232517406295,0.030606653079464842,-0.31322617940366043,0.13239691705770273,-0.2816179137267558,1.0,-0.01848006062209606,6.810805371681994e-06,3.9939394014254503e-08,0.0,0.0,0.0,0,0.055466438902821755,-0.875324571124666,-0.06546607636782825,0.02058874449148915,0.055466438902821755,-1.086428870441996,0.2033918727213993,-0.2177771620010853,-0.0013956706420769655,0.0018561753157178855,-0.0006956984113476369,-0.006749291497786508,0.006384623047944788,-0.013331065129836499,0.0,0.0,0.0,0.0,0.0,0.10400607332237344,-5.835497140831107,-0.2182202545594275,0.06862914830496383,5.840905253762726,0.21110429931733,-0.26885794908922755,0.23836590649257444,0.10400607332237344,-5.835497140831107,-0.2182202545594275,0.06862914830496383,5.840905253762726,0.16
0.0,0.0,0.0,0.0,0.0,0.0,0.0,0.0,0.0,0.0,0.0,0.0,0,0.0,-1.5707963267948966,nan,0.24840168014209624,-0.19952000723271596,-0.10182978427930434,0.0002305466748124818,-1.5708030958474248,0.24957114183039514,-0.2006882747687104,2.4643393254160224,-0.10013757619498928,0.10285800309756597,0.036731025241687476,-0.03252541985348245,-0.09040297367491901,0.002365598841029196,0.0011694616882989006,-0.0011682675359944439,0.0016922080843150555,0.001879794000641643,-0.0009877397673839178,0.0007420873965173908,-0.0014167928333763966,0.19811467513141154,0.2466540058430478,-0.03509317552963451,-0.005566883606911155,-1.5708031294926696,2.4648966512614487,-0.15311431053679989,0.3340265161473756,-0.07228974651024239,0,zero,0,0.005566883606911155,0.005797430281723415,0.6772599401146258,1.275577100369064,1.4156361000905722,-0.45014430280260875,0.005787661842346045,0.676702668591213,1.28115592872609,1.414735635815433,-0.4512633721939248,0.04280263202967448,0.01025141073352039,-0.009441704947506777,0.006984097486496408,0.035095169635932046,-0.3716228511231922,0.3217419286347684,-0.36624700144969624,1.0,-0.014693017117679119,6.8026977730895055e-06,3.364524481241915e-08,0.0,0.0,0.0,0,0.06152407024841962,-0.673019769917337,-0.6857456357105202,0.4129680087273939,0.06152407024841962,-0.984296809566813,0.004686349649401584,-0.06995428413187812,-0.0007336562157737781,0.0010838222981030164,-0.00021199167347013458,-0.007251964141442954,0.009743044142275989,-0.01604742791935746,0.0,0.0,0.0,0.0,0.0,0.11536484201841293,-4.48679846611558,-2.285818785701734,1.3765600290913131,5.221547142090157,0.31127703964947595,-0.6904319853599218,0.482922292859272,0.11536484201841293,-4.48679846611558,-2.285818785701734,1.3765600290913131,5.221547142090157,0.17
0.0,0.0,0.0,0.0,0.0,0.0,0.0,0.0,0.0,0.0,0.0,0.0,0,0.0,-1.5707963267948966,nan,0.2476991450064185,-0.19911147242020052,-0.1010326788948569,0.00029570539247170124,-1.570803093823917,0.24949385948590413,-0.2008117728598539,2.4638876083929824,-0.10016223562770624,0.11615926472700373,0.06252527911867478,-0.05320329036589411,-0.08217648171643943,0.0026210099445230753,0.0017947144794856484,-0.001700300439653385,0.0008704432671506612,0.0015156002281321351,-0.0002412310334143743,0.00013978891853486607,-0.0014897351101074534,0.15662395483933492,0.19484448125474407,-0.0403626286944836,-0.00856022588660954,-1.570803128625343,2.4645146042198074,0.012941756093458955,-0.004379126340298717,0.13041024803160806,0,zero,0,0.00856022588660954,0.00885593127908102,0.6777116567245287,1.2756852884005863,1.4155364572707654,-0.4500705962876065,0.005392379400744461,0.6770847363446345,1.2775039460394102,1.4185003096971263,-0.45414402109068663,0.047575325766945,0.01139449099484965,-0.010494499225225037,0.007762857033600403,0.04036446995027337,-0.3486088014846056,0.393107832501154,-0.20549160791369814,1.0,-0.0165980514138937,6.801830446434565e-06,3.480142574119327e-08,0.0,0.0,0.0,0,0.06436405336897545,-0.5388989223372666,-1.189411909305199,0.5834265340878539,0.06436405336897545,-0.8585544235699107,-0.3069173776253943,0.11810570837861878,6.201118476585718e-05,-1.4209035942918801e-05,0.000382431645599406,-0.007215608598746961,0.011344394005866048,-0.013671344856286847,0.0,0.0,0.0,0.0,0.0,0.12069014320077903,-3.592659482248444,-3.964706364350663,1.9447551136261798,5.694096703916549,0.3196555012326442,-0.8824945316798046,0.46532082570923516,0.12069014320077903,-3.592659482248444,-3.964706364350663,1.9447551136261798,5.694096703916549,0.18000000000000002
0.0,0.0,0.0,0.0,0.0,0.0,0.0,0.0,0.0,0.0,0.0,0.0,0,0.0,-1.5707963267948966,nan,0.24723607127975816,-0.19891775097712555,-0.1004636240508649,0.00036789676952397876,-1.5708030915806794,0.24940816279388,-0.20094856463992986,2.4633871370119125,-0.1001895565863837,0.0779305148807622,0.03773770346361949,-0.03305132231509189,-0.05963758026694688,0.0029861846315725193,0.0021720915141218433,-0.002030813662804304,0.00027406746448119246,0.001397014692274845,9.060364296263742e-05,-0.0001269248941919022,-0.0013882835090672414,-0.027037935453727416,-0.03360616948435169,-0.046247466476466166,-0.009405868917067517,-1.5708031310584907,2.4640761519889494,0.15521331961039114,-0.30123251025754644,0.24088848670666618,0,zero,0,0.009405868917067295,0.009773765686591496,0.6782121276481786,1.2758051532956927,1.415426059882291,-0.4499889345403218,0.00802807408351111,0.6775231964503567,1.2746256658459778,1.422042257711346,-0.4543259937902955,0.05255232715087358,0.012586503798468339,-0.011592361117405128,0.008574953421310537,0.04624739237425767,-0.23603416067340963,0.3054010054247806,0.11249974885356287,1.0,-0.019518472254276276,6.804263594339943e-06,3.947781124225003e-08,0.0,0.0,0.0,0,0.06430440282258947,-0.525456050417228,-1.4325128607080586,0.3784571746153084,0.06430440282258947,-0.7457171640065403,-0.647138608614583,0.2271202166323579,0.000743713741085468,-0.0009774149528495137,0.0007064121245659519,-0.006548768540113976,0.010469420398883437,0.009323440576435926,0.0,0.0,0.0,0.0,0.0,0.12057829143556997,-3.503040336114853,-4.775042869026862,1.2615239153843614,6.056261859509062,0.22026111358931233,-0.7853742520934756,0.15133695798295052,0.12057829143556997,-3.503040336114853,-4.775042869026862,1.2615239153843614,6.056261859509062,0.19000000000000003
0.0,0.0,0.0,0.0,0.0,0.0,0.0,0.0,0.0,0.0,0.0,0.0,0,0.0,-1.5707963267948966,nan,0.2473358795359959,-0.19920155617270063,-0.10021253923252565,0.00044741047669139,-1.5708030891082936,0.24931368493991077,-0.20109918776015373,2.462835903114329,-0.1002196486980926,0.03668037946988939,-0.01942861102069704,0.013318207535120696,-0.02811769300481437,0.0027409433416171304,0.001977805403914873,-0.001897631587453097,-7.109465566951245e-06,0.0011131556202235088,-6.899952374205551e-05,4.164084164223845e-06,-0.0011110072731362417,-0.21849184864109333,-0.271288362781939,-0.05242414706403416,-0.0070689241692953875,-1.570803131055141,2.463576876401628,0.22716272797040124,-0.45576442973014203,0.21142101422136939,0,zero,0,0.007068924169295165,0.0075163346459867775,0.6787633610423212,1.275937176016386,1.4153044649518414,-0.4498989898901929,0.009024904724254816,0.6780224572942254,1.2733037835721097,1.423730202751208,-0.4516229834193825,0.05772666314974895,0.013825779073898526,-0.012733752463777793,0.009419248861342806,0.05242178516770965,-0.05670955312630493,0.05930295147760176,0.35092696357612224,1.0,-0.01762400008738041,6.804260244130944e-06,4.194684732894416e-08,0.0,0.0,0.0,0,0.06229804257743098,-0.6561670753022874,-1.2912599766940727,-0.09404050255645015,0.06229804257743098,-0.6846919845518573,-0.8874509813576901,0.19934080292525788,0.0010884635589144193,-0.0014788276611123596,0.0006199979495735395,-0.005366585651940396,0.006934046260355453,0.015008185199848305,0.0,0.0,0.0,0.0,0.0,0.11681613084086065,-4.3744471686819155,-4.304199922313575,-0.31346834185483385,6.146042093299009,0.028524909249569963,-0.4038089953363826,-0.29338130548170804,0.11681613084086065,-4.3744471686819155,-4.304199922313575,-0.31346834185483385,6.146042093299009,0.20000000000000004
0.0,0.0,0.0,0.0,0.0,0.0,0.0,0.0,0.0,0.0,0.0,0.0,0,0.0,-1.5707963267948966,nan,0.2479956693266817,-0.19996225321276073,-0.1002740488435408,0.0005345261735922868,-1.570803086397589,0.24921006736341672,-0.20126415909771309,2.462231967944772,-0.10025261780108186,0.09687592484631419,-0.07634073671798636,0.05957257025007434,0.0028540508025892697,0.0017805001585173457,0.0012143980367350093,-0.0013019058849523535,2.143104245894145e-05,0.0009925612032408704,-0.0005539574873142951,0.0003992199518175364,-0.000720369540234872,-0.2907254010227802,-0.36056112067763,-0.058463957232464066,-0.0026771412491854996,-1.5708031232290216,2.463016242297251,0.20341649251460306,-0.4760562491025594,0.03215628998590045,0,zero,0,0.0026771412491854996,0.0032116674227777864,0.6793672956607576,1.2760818209023708,1.4151712448154976,-0.4498004459911237,0.007755142617526242,0.6785830590644862,1.2739123643790895,1.422353044761487,-0.4479997744750996,0.06309142620633598,0.015110662432075232,-0.013917149546893211,0.01029461624887127,0.058460376275599565,0.13663388725838838,-0.273458270838149,0.32634501336176874,1.0,-0.010607875883579254,6.796434124822781e-06,3.683143257049437e-08,0.0,0.0,0.0,0,0.06010503284156769,-0.906508523442551,-0.7375535383728006,-0.48115117946857017,0.06010503284156769,-0.7124343565107988,-0.9156896659176397,0.038587131531150023,0.0009746820764240099,-0.0015446689199398512,9.4299206399017e-05,0.005391411250274002,-0.008334122426276892,0.015815346781873126,0.0,0.0,0.0,0.0,0.0,0.11270398057672547,-6.043390156283674,-2.458511794576002,-1.603837264895234,6.719511960301893,-0.19407416693175217,0.1781361275448391,-0.5197383109997202,0.11270398057672547,-6.043390156283674,-2.458511794576002,-1.603837264895234,6.719511960301893,0.21000000000000005
0.0,0.0,0.0,0.0,0.0,0.0,0.0,0.0,0.0,0.0,0.0,0.0,0,0.0,-1.5707963267948966,nan,0.24891393678238805,-0.20095685839972072,-0.10055289959738567,0.0006295136031890802,-1.5708030834396276,0.24909695939997933,-0.2014439748032365,2.4615734614960587,-0.10028856598044808,0.13366446105685353,-0.10313754191437208,0.08147894814365675,0.024290257447864838,0.0005836539472730648,0.00018302261759128857,-0.000487116403515786,0.00026433361693758983,0.0013662915214007491,-0.0010550213399188784,0.0008079097164566565,-0.00031774893205528296,-0.19856577835513817,-0.24594993749894883,-0.06402646390491916,0.001261975189885911,-1.570803105155679,2.462397657998488,0.06967201057160907,-0.2414819539623989,-0.14692516761533292,0,zero,0,-0.001261975189885689,-0.0006324615866968308,0.6800258015090894,1.2762395358278686,1.4150259869743012,-0.44969299771464877,0.004391535947480006,0.6792016093353499,1.2762135798180196,1.4177576747504304,-0.4463548090713791,0.06863977423787572,0.016439515165346405,-0.015141043092120988,0.011199939162528053,0.06402341025194586,0.2820102633308882,-0.5684594540713721,0.029652013719603257,1.0,-0.0031271667685359716,6.778360782444537e-06,2.1716051179510032e-08,0.0,0.0,0.0,0,0.05983054574635449,-1.2012671227545648,0.07951573043246471,-0.48458933704966534,0.05983054574635449,-0.8136692554824582,-0.7082692990695765,-0.12821344240644283,0.0003338375325083164,-0.0007835411670684825,-0.00043086210232098947,0.006508461620647417,-0.013442091740687539,0.010479500032592313,0.0,0.0,0.0,0.0,0.0,0.11218928510473372,-8.008447485030432,0.2650524347748824,-1.6152977901655512,8.174794021886813,-0.38759786727210666,0.7877850295020412,-0.3563758946432225,0.11218928510473372,-8.008447485030432,0.2650524347748824,-1.6152977901655512,8.174794021886813,0.22000000000000006
0.0,0.0,0.0,0.0,0.0,0.0,0.0,0.0,0.0,0.0,0.0,0.0,0,0.0,-1.5707963267948966,nan,0.2496983036382029,-0.2018668491642776,-0.10091936565466467,0.0007326326862358012,-1.570803080225709,0.24897401792925444,-0.20163911034875817,2.460858581854544,-0.10032759160378871,0.1200601358223443,-0.09073083265397353,0.07148552190352209,0.032744043393836963,0.0009626272817509859,-0.0007242857089484467,0.00022773881551943487,0.0005917740508759595,0.001652992362308441,-0.0013059084723695286,0.0010133830541709447,6.449586242024603e-06,-0.032553047957322806,-0.04026242820654746,-0.06894072081646414,0.002833626966651348,-1.5708030800986692,2.461727034025379,-0.13441882542883574,0.16071622495473833,-0.19493219629456549,0,zero,0,-0.002833626966651348,-0.002100994280415769,0.6807406804994625,1.2764107523584316,1.4148682939498256,-0.4495763510430994,0.004979357474160702,0.6798722121241465,1.2793879986729613,1.4112611102784878,-0.4481052990792282,0.07436493063608535,0.01781071424747293,-0.01640393826765015,0.012134111864403337,0.0689392725270645,0.3244905851131792,-0.6675625692735747,-0.2912954949425579,1.0,-0.005326049868017435,6.753303772644159e-06,-1.270397120833877e-10,0.0,0.0,0.0,0,0.06283064716994226,-1.4444934181425866,0.8639161165774516,-0.05629836529444377,0.06283064716994226,-0.9729912760250103,-0.3024462048992173,-0.16074794022891767,-0.0006440757003518219,0.0005214790438853441,-0.0005716440366800664,0.006973734116473672,-0.015882378183111064,-0.013334547129305738,0.0,0.0,0.0,0.0,0.0,0.11781482687032113,-9.629956120950578,2.8797203885915055,-0.18766121764814592,10.053752606561531,-0.47150214211757624,1.166362321476669,0.1044495749344739,0.11781482687032113,-9.629956120950578,2.8797203885915055,-0.18766121764814592,10.053752606561531,0.23000000000000007
0.0,0.0,0.0,0.0,0.0,0.0,0.0,0.0,0.0,0.0,0.0,0.0,0,0.0,-1.5707963267948966,nan,0.25007969860686785,-0.20247179602903276,-0.1012550184208948,0.000844133615731435,-1.5708030767473502,0.24884090702968015,-0.20185002057657306,2.4600855945453737,-0.10036978935683649,0.0711404951111302,-0.05145058682392567,0.03940366369402648,0.029345501318234213,0.001644639711561836,-0.0012387915771877034,0.0006217754524596997,0.0008852290640583016,0.0015442612470301048,-0.001211465408314531,0.0009366220825264158,0.0001995831607630288,0.0650188777026206,0.08031029709983478,-0.07338028846761717,0.0022426090825928835,-1.57080305771551,2.4610101861356437,-0.32575278388799445,0.480724835345262,-0.06691545249351032,0,zero,0,-0.0022426090825931055,-0.0013984754668614485,0.6815136671053124,1.276595885907756,1.4146977831397487,-0.44945022296276854,0.010999470681644394,0.6805890547895396,1.2822258921036678,1.4055383373588761,-0.45158119235793265,0.08026018426715827,0.01922265233362865,-0.017704354684489172,0.013096039300045392,0.07338025457209246,0.2401099305708608,-0.4665345426819046,-0.3297547223719729,1.0,-0.009817595593631268,6.730920613762237e-06,-1.903184010387804e-08,0.0,0.0,0.0,0,0.06942032376144722,-1.5442879697155822,1.210642211654574,0.44904170773253516,0.06942032376144722,-1.142292473047496,0.14031512825934847,-0.04435049118435352,-0.0015608636048921095,0.0015598171720271963,-0.00019623140818595433,0.006559373740071553,-0.013635487149004035,-0.015782365970173892,0.0,0.0,0.0,0.0,0.0,0.13017124275538575,-10.295253131437216,4.03547403884858,1.4968056924417839,11.159509827584511,-0.4019954966680863,1.0703270833952256,0.4933921989168887,0.13017124275538575,-10.295253131437216,4.03547403884858,1.4968056924417839,11.159509827584511,0.24000000000000007
0.0,0.0,0.0,0.0,0.0,0.0,0.0,0.0,0.0,0.0,0.0,0.0,0,0.0,-1.5707963267948966,nan,0.25000223851749853,-0.20272431614564718,-0.10148516493594686,0.0009642569513645949,-1.570803072996288,0.24869729764113604,-0.20207713974934005,2.4592528318777376,-0.10041525027907502,0.019781229972512616,-0.006614929917478363,0.002540094384742564,0.018468559281353825,0.001807325469230144,-0.001304940876362487,0.0006471763963071253,0.0010699146568718398,0.0010946128332106637,-0.0008502383159427209,0.0006402155775504454,0.00025572656294196687,0.010148770187363269,0.012515627610609294,-0.07788304864515896,0.0015352449928822676,-1.5708030497759204,2.460249000255588,-0.44431155124731436,0.6074398554590382,0.11876874082502922,0,zero,0,-0.0015352449928824896,-0.0005709880415176727,0.6823464290161091,1.2767953358944972,1.4145140866734236,-0.4493143413570763,0.013454857038794493,0.6813502432893921,1.2835740521247243,1.403522108039694,-0.452956621400946,0.08631888947176394,0.020673737760400306,-0.019040826396465937,0.014084637098460523,0.07788334139577187,0.054872954129467355,0.002297999842997611,0.04105809733209169,1.0,-0.011031906120479107,6.722981023887797e-06,-2.322036785074033e-08,0.0,0.0,0.0,0,0.07839302151245849,-1.4492622737339687,0.8213550098582347,0.5515818084275151,0.07839302151245849,-1.2640500091368263,0.4262779284467369,0.12271400801149723,-0.002128944905083427,0.001970971848871141,0.0003482926049529208,0.005375322110858101,-0.006727981472178809,-0.009599212388067343,0.0,0.0,0.0,0.0,0.0,0.14699610259227167,-9.661748491559791,2.7378500328607824,1.8386060280917171,10.210156056461928,-0.18521226459714235,0.39507708141149783,0.4288678004160179,0.14699610259227167,-9.661748491559791,2.7378500328607824,1.8386060280917171,10.210156056461928,0.25000000000000006
0.0,0.0,0.0,0.0,0.0,0.0,0.0,0.0,0.0,0.0,0.0,0.0,0,0.0,-1.5707963267948966,nan,0.24953904527319248,-0.2026841638908005,-0.10158138069220915,0.0010932337139630821,-1.5708030689644685,0.2485428672366352,-0.20232088160177283,2.458358692290131,-0.1004640617993339,0.042211078757081716,0.030876283980521557,-0.028389410727946984,0.004740423600341215,0.0015403721012847032,-0.0009961780365572714,0.00036328228902765547,0.001117318892875252,0.00047620781167358124,-0.0003603458806921147,0.00023712795809370594,0.00020173016050525243,-0.114724777958357,-0.14124993834309027,-0.08322372838644068,0.0025611892516359536,-1.5708030627387901,2.459438516046971,-0.4708038562359359,0.5189398579065754,0.16782365347368922,0,zero,0,-0.0025611892516357315,-0.0014679555376728715,0.6832405677921016,1.2770094858990837,1.4143168512674515,-0.44916844489973556,0.009612771034557703,0.6821607287034985,1.282857173026028,1.4067677221152355,-0.44940193754220403,0.09253446606504817,0.02216239454578764,-0.020411901900227784,0.015098831572113138,0.08322371191043049,-0.15234889616444128,0.5291724213047249,0.5587946560042807,1.0,-0.009073044173419476,6.735943893332319e-06,-6.2256786392822505e-09,0.0,0.0,0.0,0,0.08722506281512864,-1.183751281518597,-0.275939810150979,0.015146189511298348,0.08722506281512864,-1.2834227865470667,0.3516883716642468,0.1503115760006275,-0.002255884341096532,0.0016838141949347644,0.0004921474879251178,-0.005488762952867372,0.012019029558212203,0.018011607600670908,0.0,0.0,0.0,0.0,0.0,0.1635572151043102,-7.891675210123981,-0.9197993671699302,0.0504872983709945,7.946940821966718,0.09967150502846955,-0.6276281818152258,-0.13516538648932916,0.1635572151043102,-7.891675210123981,-0.9197993671699302,0.0504872983709945,7.946940821966718,0.26000000000000006
0.0,0.0,0.0,0.0,0.0,0.0,0.0,0.0,0.0,0.0,0.0,0.0,0,0.0,-1.5707963267948966,nan,0.24874882774763662,-0.2024024330219702,-0.10154286628143841,0.0012312854799425565,-1.5708030646440412,0.24837729950405849,-0.20258163939422438,2.457401639695606,-0.10051630777136181,0.08322972777643785,0.06246497929791317,-0.05424886612818425,-0.009076038279864918,0.00110633201808655,-0.00037152824357813974,-0.000179206372254187,0.0010265585100766028,0.0002787246523469606,0.0001758913011588554,-0.00020321413686914504,7.38491474501045e-05,-0.12710266318668134,-0.15621261760503252,-0.08996848439485698,0.004775896883812747,-1.5708030916720648,2.4585668534103,-0.3663319509210893,0.02562165323301037,-0.03139391883840818,0,zero,0,-0.004775896883812969,-0.0035446114038704124,0.6841976195190628,1.2772387038205306,1.414105738081253,-0.44901228294791723,0.007603363678618349,0.6830323921678715,1.2804335038563588,1.4141665493900328,-0.4422120668362657,0.09890039933663271,0.02368706238920326,-0.021816144135241453,0.016137559716925674,0.08996885436755585,-0.2870236930069917,0.8324357246498159,0.7468013942315618,1.0,-0.006259267684072256,6.764877168219385e-06,2.7028023374953136e-08,0.0,0.0,0.0,0,0.09257245498474392,-0.8595799322010332,-1.6030453625699963,-0.8009617837608192,0.09257245498474392,-1.2086874781077648,-0.08326486194698739,-0.030490731556112607,-0.001755301068120585,8.31350738512861e-05,-9.206353200307299e-05,-0.0065791849231508015,0.0180103148991064,0.024232346729654967,0.0,0.0,0.0,0.0,0.0,0.17358420210902667,-5.730532881340221,-5.343484541899988,-2.669872612536064,8.279503934176102,0.34910754590673154,-1.519780500623009,-0.7704710522047066,0.17358420210902667,-5.730532881340221,-5.343484541899988,-2.669872612536064,8.279503934176102,0.2700000000000001
0.0,0.0,0.0,0.0,0.0,0.0,0.0,0.0,0.0,0.0,0.0,0.0,0,0.0,-1.5707963267948966,nan,0.2475981307596996,-0.20185631859757436,-0.10138147534123712,0.0013786244757543198,-1.5708030600273535,0.2482002840388822,-0.20285978596845006,2.4563802028270283,-0.10057206850937508,0.12940698408376514,0.09736815227607276,-0.08242609986215121,-0.02171516782145666,0.0014229106632208046,0.0006021532791825879,-0.0010034673708756991,0.0008094068318620362,0.0010304892953421204,0.0007650278727486229,-0.0006837732250197205,-9.536623342959222e-05,0.12908036388388872,0.15832775255734716,-0.09813285776344455,0.004737842460812658,-1.5708031202957227,2.4576194286335684,-0.16689888049622917,-0.48950260285883657,-0.307671359406349,0,zero,0,-0.004737842460812658,-0.003359217985058116,0.685219055463034,1.2774833420332548,1.4138804225726396,-0.4488456154354157,0.014258025482547794,0.6839798327976452,1.2774647718452814,1.4221140239667687,-0.43727137329706023,0.1054102400506156,0.025246196671472765,-0.02325213048379313,0.017199769212278657,0.09813557367706681,-0.2823093593368526,0.704867318497116,0.21828072283196426,1.0,-0.008533473126590252,6.793500825885701e-06,6.026836896211307e-08,0.0,0.0,0.0,0,0.09210179805203722,-0.6217593539991567,-2.4656452768458808,-1.165905163901844,0.09210179805203722,-1.0633842287612743,-0.7371455220157902,-0.34125783679084687,-0.0007997057927012932,-0.0015882985640690752,-0.0009022547388534819,-0.0067637370719651185,0.017480384995795108,0.016438346458039738,0.0,0.0,0.0,0.0,0.0,0.1727016652016449,-4.1450623599943786,-8.21881758948627,-3.8863505463394805,9.993200236745366,0.44162487476211754,-1.7284997548300907,-0.8246473271109972,0.1727016652016449,-4.1450623599943786,-8.21881758948627,-3.8863505463394805,9.993200236745366,0.2800000000000001
0.0,0.0,0.0,0.0,0.0,0.0,0.0,0.0,0.0,0.0,0.0,0.0,0,0.0,-1.5707963267948966,nan,0.24609278192281095,-0.20105293576869807,-0.10113844500377772,0.0015354536723344303,-1.5708030551069407,0.24801151604877952,-0.20315567380581806,2.4552929745823335,-0.10063142082358248,0.17416131579136404,0.13165808467859863,-0.10992706662442953,-0.03023826516667938,0.0028913874555670143,0.0019187341259685742,-0.0021027380371199944,0.0005070241801952424,0.0018431210890858048,0.001385287349757276,-0.0011865957917308587,-0.00026469743988547065,0.5682249724330791,0.6955223219803979,-0.10697783391046557,-0.001425502562039327,-1.5708031291313698,2.456585669977633,0.03335448414791689,-0.6935469343628371,-0.4029512741864197,0,zero,0,0.001425502562039327,0.002960956234373757,0.6863062827250701,1.277743737543888,1.4136405943533863,-0.4486682127658141,0.014773971143290945,0.6850136398078231,1.2754313201254317,1.426210757302152,-0.4413714308206289,0.11205760444557106,0.026838268454834682,-0.024718452770988438,0.018284418421010674,0.10698406381451644,-0.13442763490587537,0.1729499607356374,-0.8596034039093665,1.0,-0.01907353848218918,6.802336473210602e-06,7.402442925297237e-08,0.0,0.0,0.0,0,0.08623089004089259,-0.5839060485761054,-2.3060277932320057,-0.4286415227323509,0.08623089004089259,-0.91260146670485,-1.2792814376697625,-0.4585049983719686,0.00015981997066933742,-0.002250365153381365,-0.0011816657142323644,-0.005907225137355539,0.009896953106061625,-0.021527356692178905,0.0,0.0,0.0,0.0,0.0,0.16169302464071364,-3.8927069905073695,-7.686759310773353,-1.428805075774503,8.735391519244128,0.3286954181287446,-1.0267463555622431,0.02986347563961772,0.16169302464071364,-3.8927069905073695,-7.686759310773353,-1.428805075774503,8.735391519244128,0.2900000000000001
0.0,0.0,0.0,0.0,0.0,0.0,0.0,0.0,0.0,0.0,0.0,0.0,0,0.0,-1.5707963267948966,nan,0.24455492847900437,-0.20025373262242632,-0.10089782594969912,0.0017019668795514864,-1.5708030498755259,0.2478106960709112,-0.2034696350882091,2.454138611369782,-0.10069443805568457,0.17660658335873433,0.13370334659382477,-0.11131644286627718,-0.030363628618068628,0.004580766084114108,0.003255767591906822,-0.003215902465782766,0.00020338789401455615,0.002401569383545334,0.0018116740925292886,-0.0015304647366670165,-0.00037821974599332197,0.8279964530434711,1.011179885104028,-0.1152647754871516,-0.013380724756605566,-1.5708031098895228,2.4554656481721993,0.14277146657601358,-0.7236075077920227,-0.0565978382555541,0,zero,0,0.013380724756605566,0.01508269163615683,0.6874606448959839,1.2780202121480915,1.4133859570448026,-0.44847985570565024,0.013115762906546194,0.6861337357672516,1.275392241312648,1.4240471716092558,-0.455529311151539,0.11883617423454935,0.02846176448294045,-0.0262137172647524,0.01939047638941837,0.11527245750479868,0.08518889253473544,-0.46119891445742234,-1.6829381659697196,1.0,-0.03373958542943001,6.78309462642801e-06,6.0013996883157e-08,0.0,0.0,0.0,0,0.07920294231086815,-0.7749728440653848,-1.1111189479397652,1.2405655898248713,0.07920294231086815,-0.8359049847254938,-1.398852423520352,-0.14621108788841247,0.00068409787120098,-0.00234790327745634,-0.00016597472014771747,0.004980472459415693,-0.010621926084826318,-0.04167567708462412,0.0,0.0,0.0,0.0,0.0,0.14851479900781578,-5.166485627102565,-3.703729826465884,4.135218632749571,7.585003503537355,0.06093214066010899,0.28773347558058693,1.3867766777132837,0.14851479900781578,-5.166485627102565,-3.703729826465884,4.135218632749571,7.585003503537355,0.3000000000000001
0.0,0.0,0.0,0.0,0.0,0.0,0.0,0.0,0.0,0.0,0.0,0.0,0,0.0,-1.5707963267948966,nan,0.24370415584500885,-0.2000441029724261,-0.10080648472086931,0.0018783488406546311,-1.5708030443260106,0.24759752970266244,-0.20380198176183914,2.4529158324532134,-0.10076119011434465,0.08516299507677477,0.06376062657467707,-0.054197632363026105,-0.015809328748989104,0.005411290473885223,0.0038933738576535926,-0.0037578787894130272,4.5294606524665104e-05,0.0021647951553698816,0.0016299687181783934,-0.0013791863749442954,-0.0003569103327739462,0.5008626559138958,0.6101864133089503,-0.12208296029480566,-0.024275793444872296,-1.5708030725910875,2.4542706353642916,0.11802155296482222,-0.2725495728278842,0.4994334666849292,0,zero,0,0.024275793444872296,0.026154142285526927,0.6886834227110913,1.2783130725873704,1.413116228133305,-0.4482803352775814,0.023527593796155804,0.6873288057773517,1.2773888017740354,1.4170575749601857,-0.4714174092380801,0.12573969660507706,0.03011518718085448,-0.027736544675829502,0.020516922847256466,0.12208659975719849,0.26308550143419973,-0.7931944506625099,-1.3195326406010472,1.0,-0.04280458018183708,6.745796190976705e-06,2.826507694564384e-08,0.0,0.0,0.0,0,0.0770440005028629,-1.1020952298199507,0.44038717954945306,2.6471120306953835,0.0770440005028629,-0.8553258606473435,-1.0344411442949701,0.5535675271514475,0.0005655072058539257,-0.0008843468709501546,0.0014646024021474169,0.006343429023303245,-0.017463115985478662,-0.04024431508300404,0.0,0.0,0.0,0.0,0.0,0.14446653010099927,-7.347301532133005,1.4679572651648436,8.823706768984612,11.576545687716113,-0.24676936917260717,1.4748283238444233,2.093544503543936,0.14446653010099927,-7.347301532133005,1.4679572651648436,8.823706768984612,11.576545687716113,0.3100000000000001
0.0,0.0,0.0,0.0,0.0,0.0,0.0,0.0,0.0,0.0,0.0,0.0,0,0.0,-1.5707963267948966,nan,0.2443780446593122,-0.20111110033905996,-0.10106753215210723,0.002064775326720225,-1.5708030384514702,0.24737172734651502,-0.20415300560422064,2.451623419297306,-0.10083174351063415,0.11654828471360414,-0.08996911704507726,0.07159735242523446,0.019049403494841854,0.004274449667187333,0.00299368268720282,-0.0030419052651606826,0.00023578864147308365,0.0006657719233117376,0.0004859915502780053,-0.00044136074356252017,-0.00011074818721103544,-0.4862264611590533,-0.5908320013675031,-0.12750794495074685,-0.02348875440451148,-1.5708030392868886,2.453015724253689,-0.028221635788814814,0.3356009724091713,0.6876530714011949,0,zero,0,0.023488754404511702,0.025553529731231706,0.6899758347049557,1.2786226107058873,1.412831138825988,-0.44806945265355,0.02694727625485149,0.688583697626868,1.2804306656511497,1.4098879324165134,-0.4747581417419492,0.13276198421915683,0.031797054655054106,-0.029285570157783655,0.02166274820773775,0.127501903354527,0.31094337925538656,-0.5939049244654254,0.48221799728960113,1.0,-0.03196001797914505,6.712491992022507e-06,8.354184011238885e-10,0.0,0.0,0.0,0,0.08290807631534773,-1.3861703491958883,1.3556845864783094,2.2943546506570263,0.08290807631534773,-0.9671602696410055,-0.39529358415477256,1.1623813983074676,-0.00013522562615590013,0.0010889309667907717,0.0020165615790693476,0.006888676613042481,-0.015978069767108232,0.00901979124071738,0.0,0.0,0.0,0.0,0.0,0.15546235948874504,-9.241135661305922,4.518948621594364,7.647848835523421,12.819252915498016,-0.4190100795548828,1.7509781706330818,1.1319732523495587,0.15546235948874504,-9.241135661305922,4.518948621594364,7.647848835523421,12.819252915498016,0.3200000000000001
0.0,0.0,0.0,0.0,0.0,0.0,0.0,0.0,0.0,0.0,0.0,0.0,0,0.0,-1.5707963267948966,nan,0.24681197341814495,-0.20365547373744122,-0.10170464319565681,0.002261413231102294,-1.57080303224515,0.24713300396968968,-0.2045229782944674,2.450260214912828,-0.10090616139344727,0.34910902983041325,-0.26726521356580935,0.21744007081345162,0.05626931607364549,0.0012219647948881625,0.0003210305515447265,-0.0008675045570261664,0.0007984818022095386,0.0018810117153183487,-0.0014551981929712093,0.0011533187370977808,0.0003007643313250165,-1.592174920764974,-1.9295820449530263,-0.13265274560957468,-0.005032524366329838,-1.5708030314383472,2.451709199450215,-0.20696734706359543,0.6067357469940654,0.5272098865902646,0,zero,0,0.005032524366329838,0.007293937597432354,0.6913390378661329,1.2789491036072764,1.4125304339061966,-0.44784701904794927,0.010910967991915783,0.689890098528343,1.2831057567810145,1.4072161037865683,-0.45629864179679935,0.13989691521326741,0.03350590069342958,-0.030859443306998156,0.02282695356753305,0.13263660386097592,0.22462496343409258,-0.027780952099769357,2.6985057804663093,1.0,-0.007094521541148424,6.7046434506501384e-06,-8.068026247087801e-10,0.0,0.0,0.0,0,0.09471561829852566,-1.4883134714999915,0.994455122621819,-0.36359023128973206,0.09471561829852566,-1.112237311340848,0.10185641433034062,1.0612748891470687,-0.0009916962046400053,0.001968687214515095,0.0015460575188548313,0.006441163857882078,-0.00744815635990566,0.05672100684015301,0.0,0.0,0.0,0.0,0.0,0.17760288449001624,-9.922089809999944,3.314850408739397,-1.2119674376324403,10.532640090902422,-0.3760761601591436,0.8925987082914784,-1.4248651204368008,0.17760288449001624,-9.922089809999944,3.314850408739397,-1.2119674376324403,10.532640090902422,0.3300000000000001
0.0,0.0,0.0,0.0,0.0,0.0,0.0,0.0,0.0,0.0,0.0,0.0,0,0.0,-1.5707963267948966,nan,0.2500404049747227,-0.20689306948356756,-0.10237333858339492,0.002468420663876758,-1.570803025700457,0.24688107887912736,-0.20491215148713784,2.448825123201895,-0.10098450358488839,0.45359574877534026,-0.3480356647140054,0.28484225534558816,0.059035319629699434,0.0039792260729902456,-0.0031593260955953273,0.0019809179964297152,0.001388834998506533,0.0042699147650424865,-0.0032845566123339597,0.0026631141264842188,0.0005930287601974215,-1.9003119828589587,-2.296634946658152,-0.13897172353928863,0.024456892357361815,-1.570803054089483,2.4503454991987716,-0.3288343129935066,0.6130272975988839,-0.5166208507862182,0,zero,0,-0.024456892357362037,-0.021988471693485057,0.6927741282919161,1.2792928138114583,1.412213871589098,-0.4476128556107883,0.02559235938977274,0.6912536135967132,1.2845182465993223,1.4098997019132609,-0.422713129405709,0.1471384331983639,0.035240274765284144,-0.032456828162675797,0.024008550706771298,0.13895325228038208,0.08519730651207501,0.41083397434752844,3.476924167145355,1.0,-0.02912318892776966,6.727294586283961e-06,2.8389026240915882e-08,0.0,0.0,0.0,0,0.10634291234082077,-1.4026181065488514,-0.33854900785543834,-3.901655915050566,0.10634291234082077,-1.2235100063040254,0.15452301452508085,-0.03191298254726638,-0.0015756289326685974,0.0019891015304616087,-0.001515004879595446,0.005484922119992235,0.010838502432482442,0.08245007379331494,0.0,0.0,0.0,0.0,0.0,0.19940542347800633,-9.350787376992344,-1.1284966928514613,-13.00551971683522,16.059079518558907,-0.17910810024482604,-0.49307202238051917,-3.8697429325032995,0.19940542347800633,-9.350787376992344,-1.1284966928514613,-13.00551971683522,16.059079518558907,0.34000000000000014
0.0,0.0,0.0,0.0,0.0,0.0,0.0,0.0,0.0,0.0,0.0,0.0,0,0.0,-1.5707963267948966,nan,0.25202261235769075,-0.20914406134803065,-0.10267230510080277,0.002685947046290771,-1.5708030188109603,0.24661567551232552,-0.20532075688980353,2.4473171083032255,-0.1010668266156303,0.2914288310618965,-0.2247610749769896,0.18423864617974073,0.021664348666594613,0.006813969782470359,-0.005406936845365223,0.0038233044582271225,0.001605478485172479,0.0047785610824348556,-0.0036815955811214758,0.0029983603117621025,0.0005388278356559435,-0.7699119977489066,-0.9277646069799623,-0.14711677549031707,0.04553565843982543,-1.570803079127225,2.4489083042086603,-0.36791477044616155,0.20492924328517215,-0.7818828746565217,0,zero,0,-0.04553565843982543,-0.04284971139353466,0.69428214184308,1.2796539894114538,1.4118812233772529,-0.4473667933208575,0.05008581859325542,0.6926906785163232,1.2846628479287174,1.4137951903746748,-0.3975942654031106,0.15448054725987734,0.036998742021333915,-0.034076403206838746,0.02520656208903946,0.14710946008565415,-0.024605331223389707,0.28388365896965473,1.4648958689253628,1.0,-0.0623021200299263,6.7523323283857906e-06,6.031626487157382e-08,0.0,0.0,0.0,0,0.11122276873693067,-1.2143636010540355,-1.4544542170507302,-5.462719101675472,0.11122276873693067,-1.25246874049209,-0.17480863287068105,-1.57750072233775,-0.0017628852408797884,0.0006649378796857307,-0.0022928930734677677,-0.004750817717821588,0.01092368114969082,0.05261181298869415,0.0,0.0,0.0,0.0,0.0,0.20855572611462717,-8.095757340360237,-4.848180723502434,-18.209063672251574,20.50998875067328,0.03810513943805449,-1.2796455841800491,-3.885218379337722,0.20855572611462717,-8.095757340360237,-4.848180723502434,-18.209063672251574,20.50998875067328,0.35000000000000014
0.0,0.0,0.0,0.0,0.0,0.0,0.0,0.0,0.0,0.0,0.0,0.0,0,0.0,-1.5707963267948966,nan,0.2508029037913338,-0.20877878235679687,-0.10246756300552537,0.0029141332052109448,-1.5708030115703842,0.2463365212444845,-0.20574900634452203,2.445735193937395,-0.10115318376023899,0.12645428227049055,0.09405542985159165,-0.07935284459522907,-0.02910992398861001,0.005554791493818259,-0.004466382546849307,0.003029776012274832,0.001314379245286379,0.002346823529517044,-0.0018241323541365994,0.0014672909771106875,0.000164860613175094,1.4275265832592052,1.7148805168737167,-0.1562770939801306,0.03758017369023481,-1.570803060274191,2.4473828669360955,-0.3202237575949238,-0.14859395949148763,-0.7942376577943325,0,zero,0,-0.03758017369023481,-0.034666040485023863,0.6958640547986265,1.280032864230197,1.4115322739161882,-0.4471086728788943,0.040398982327588,0.6942161656768133,1.2841019431595055,1.4129324877957168,-0.4069733488823746,0.1619173319577151,0.038779883293708,-0.03571686136432864,0.0264200208613826,0.15629070483795107,-0.06823450206980186,-0.3757036188659665,-2.675225506104688,1.0,-0.04646596685051918,6.7334792941409205e-06,4.8703806765360014e-08,0.0,0.0,0.0,0,0.1071252169604556,-1.0225457894793852,-1.219627084234061,-2.7374146941459814,0.1071252169604556,-1.2178428597469924,-0.512680087046923,-2.3678436122497946,-0.0015343709505290608,-0.0004821456946526788,-0.0023291238154357734,-0.005148943197920111,-0.008611364346994993,-0.04580690689126009,0.0,0.0,0.0,0.0,0.0,0.20087233632187437,-6.816971929862569,-4.065423614113537,-9.124715647153272,12.095435535425308,0.19529707026760712,-0.706946997187138,-0.3695710818961868,0.20087233632187437,-6.816971929862569,-4.065423614113537,-9.124715647153272,12.095435535425308,0.36000000000000015
0.0,0.0,0.0,0.0,0.0,0.0,0.0,0.0,0.0,0.0,0.0,0.0,0,0.0,-1.5707963267948966,nan,0.24614793487102282,-0.2055772720564107,-0.10161128473638362,0.003153111467566694,-1.5708030039726035,0.2460433472123646,-0.20619709191339283,2.4440784627520937,-0.10124362507247356,0.5765508010688111,0.43617948881910784,-0.36495958692569774,-0.09467195813763207,0.000728209353084286,-0.00010458765865822839,-0.0006198198569821456,0.0003676596639100582,0.0022873354699182984,0.0016887860688653378,-0.0014522995277803982,-0.0005203184094009689,3.1950299550069423,3.825599146569756,-0.1645970843401585,-0.0029943445399436275,-1.570802992960255,2.4457692708843903,-0.22449249361689302,-0.08298183729062691,0.30828674387235444,0,zero,0,0.0029943445399434054,0.006147456007510321,0.6975207845105283,1.2804296579773518,1.4111668208499677,-0.4468383446007483,0.011278376582880736,0.6958300081889843,1.2834033689685576,1.4053218834788428,-0.4558570365149999,0.16944292732626068,0.040582295095948434,-0.03737691000280652,0.027647970854303813,0.16462703407413498,-0.06993491333703898,-0.9491496193640507,-6.003401536131748,1.0,-0.0041605946607887745,6.666165358382159e-06,-1.1012348366534752e-08,0.0,0.0,0.0,0,0.09918618575089208,-0.9536938636859709,0.3643743691185805,3.5886398744137153,0.09918618575089208,-1.1480751351453184,-0.44247193059432044,-1.3889674854287382,-0.0010756689741094076,-0.00026925277259562397,0.0009040593707559819,-0.005182409869496318,-0.019311016014261634,-0.12565943108050542,0.0,0.0,0.0,0.0,0.0,0.18598572239057207,-6.357959091239806,1.2145812303952683,11.962132914712384,13.602428677603347,0.19438127145934758,0.8068462997129009,4.9776073598424535,0.18598572239057207,-6.357959091239806,1.2145812303952683,11.962132914712384,13.602428677603347,0.37000000000000016
0.0,0.0,0.0,0.0,0.0,0.0,0.0,0.0,0.0,0.0,0.0,0.0,0,0.0,-1.5707963267948966,nan,0.2403992014074032,-0.20146485760897484,-0.10018252974009115,0.003403005754800459,-1.5708029960116416,0.24573588815519845,-0.20666518596836567,2.442346055667379,-0.1013381974205527,0.7273860838995623,0.5441274406453478,-0.4580508502408681,-0.15233273443716056,0.0075405045107897984,0.0053366867477952495,-0.005200328359390827,-0.0011556676804615473,0.0063626099992754575,0.004744975598330398,-0.0040147663532094915,-0.001360023420116756,2.828513569050958,3.375167980488814,-0.1707815700858297,-0.05280348778810917,-1.5708029311228182,2.444084228441258,-0.1445928035155733,0.3701047174586525,0.797260444372941,0,zero,0,0.05280348778810939,0.05620649354290963,0.6992531900584752,1.2808445764061231,1.4107846746767652,-0.44655566831054677,0.07015230640309084,0.6975153481703698,1.2824653727503212,1.3966897321662033,-0.515236317798446,0.1770515388743737,0.042404589623010164,-0.039055270932752864,0.028889466581764285,0.17080807492023276,-0.1257661976348989,-0.6484178260771003,-5.177846072144013,1.0,-0.12597481906414032,6.604327921877484e-06,-6.488882320354605e-08,0.0,0.0,0.0,1,0.09630219374192758,-0.9989803504980407,1.8367698851039203,9.0,0.09630219374192758,-1.0885255055975738,0.06375307140984957,1.1799410903278174,-0.0006928249141667335,0.0012008859357675156,0.002337988220365613,-0.005423900257830971,-0.01805962995160381,-0.12993329321204286,0.0,0.0,0.0,0.0,0.0,0.18057789938482577,-6.659869003320272,6.122566283679735,30.0,31.334841333844093,0.08954515509953309,1.7730168136940707,7.820058909672182,0.18057789938482577,-6.659869003320272,6.122566283679735,30.547233989468175,31.85915544744562,0.38000000000000017
0.0,0.0,0.0,0.0,0.0,0.0,0.0,0.0,0.0,0.0,0.0,0.0,0,0.0,-1.5707963267948966,nan,0.23749743574230447,-0.1997366831037355,-0.09935098886932497,0.003663931677311938,-1.570802987681669,0.2454138822729529,-0.20715344128547053,2.4405371712209325,-0.10143694452239216,0.3526068264594181,0.2579759782853186,-0.22164298223442125,-0.09302879726056368,0.011046702611436239,0.007916446530648436,-0.007416758181735039,-0.002085955653067184,0.006578756138302234,0.004874529573522212,-0.004146791447808858,-0.001524176647402129,-0.14580517366504836,-0.17337401089726157,-0.17555989922103277,-0.07186472810740452,-1.5708029230933054,2.442346562151927,-0.06552837198362241,0.6018936234144063,0.7981344828621467,0,zero,0,0.0718647281074043,0.07552865978471646,0.7010620729046173,1.2812778114700736,1.4103856586044348,-0.4462605132338602,0.09010931931479609,0.6992531357074653,1.2802029933976178,1.3977893930703023,-0.5354602667889984,0.18473743758538988,0.04424539475126108,-0.04075068040746757,0.030143573241183247,0.17555981288341627,-0.3070334558066247,0.7343609942476776,0.6538626207619553,1.0,-0.1324877142906189,6.596298408823031e-06,-6.458836354639175e-08,0.0,0.0,0.0,0,0.1034201356151687,-0.8775944361328418,1.264100913375246,8.635442799600517,0.1034201356151687,-1.0277970003443482,0.4912883173735109,3.6953135638798154,-0.00031398304473810986,0.0019529758824737506,0.0023405513623179475,-0.006535233798031953,0.0113755586906748,-0.025903123433321684,0.0,0.0,0.0,0.0,0.0,0.19392487458310276,-5.850629574218946,4.21366971125082,28.78480933200172,29.6746985492172,0.15020256421150635,0.7728125960017351,4.940129235720701,0.19392487458310276,-5.850629574218946,4.21366971125082,28.78480933200172,29.6746985492172,0.3900000000000002
0.0,0.0,0.0,0.0,0.0,0.0,0.0,0.0,0.0,0.0,0.0,0.0,0,0.0,-1.5707963267948966,nan,0.24023501124615865,-0.20277470652426144,-0.10016429144296712,0.0039359966289083115,-1.570802978976994,0.24507707110217572,-0.20766199114364453,2.4386510649133153,-0.10153990698081339,0.4044091122499642,-0.3074386674631363,0.2529473562351947,0.07103401152209199,0.007015939901971416,0.0048420598560170725,-0.004887284619383092,-0.0013756155378462642,0.0016990910551511944,0.0011979749902980858,-0.0010763069861470164,-0.000541599121016852,-4.045991094658863,-4.793483370585948,-0.18177151077994957,-0.03266065883551916,-1.570802988209564,2.4405551419572724,0.0847705625382987,0.16869244440558592,0.5760814316080112,0,zero,0,0.032660658835519385,0.036596655464427474,0.7029481775483105,1.281729541479936,1.4099696084060842,-0.44595275789086736,0.0379066731644177,0.7010443426196995,1.2761376152616402,1.4150626080565618,-0.48304835060331713,0.19249495991712134,0.04610335403848207,-0.04246188912307002,0.03140936671343803,0.1817357348018949,-0.44542580680731525,2.317193798570359,8.144529709079308,1.0,-0.06256523728370667,6.661414667430421e-06,9.232570263861817e-09,0.0,0.0,0.0,0,0.11767233682884881,-0.5083835282083281,-2.04758739922713,0.13307072621948848,0.11767233682884881,-0.9106827035270811,0.1035235789186863,3.8302788010572075,0.00040618313143182745,0.0005473596374235451,0.0016893746711969717,-0.007743678295036525,0.03835401891898474,0.15093930767224323,0.0,0.0,0.0,0.0,0.0,0.22064942214297545,-3.389223521388854,-6.8252913307571,0.4435690873982949,7.6365487970961645,0.40229917531875303,-2.1511109781458164,-3.697208074837719,0.22064942214297545,-3.389223521388854,-6.8252913307571,0.4435690873982949,7.6365487970961645,0.4000000000000002
0.0,0.0,0.0,0.0,0.0,0.0,0.0,0.0,0.0,0.0,0.0,0.0,0,0.0,-1.5707963267948966,nan,0.24764718407784558,-0.20982803244181034,-0.10145169870298967,0.004219299881246252,-1.5708029698920694,0.24472519940961843,-0.20819094942831665,2.436687048553223,-0.10164712231872375,1.0209829252068607,-0.7764044524244229,0.6524367632876782,0.11801919221121893,0.003355029893162016,-0.0029219846682271566,0.0016370830134936898,-0.00019542361573407496,0.005693817368220376,-0.004369645927038506,0.0036256235015735905,0.0004249763755799482,-5.962501606999355,-7.0372304041707485,-0.1923119498131205,0.051930999521759835,-1.5708031370502535,2.4386780951180835,0.26128162733287097,-0.7584939925088168,-0.79727033447197,0,zero,0,-0.05193099952176006,-0.04771169964051358,0.7049121921808614,1.282199931260428,1.4095363722756455,-0.44563228998952126,0.07766671379134694,0.7029208898634385,1.2724966885706652,1.441579574636969,-0.3755806418293069,0.2003185078018561,0.047977126723866864,-0.04418766221849894,0.03268593356286399,0.1922563933311926,-0.25505512020155524,2.6097110935089325,11.578215863891238,1.0,-0.08446750044822693,6.810255356981543e-06,1.6715818418333583e-07,0.0,0.0,0.0,1,0.1275948782672324,-0.382858660273339,-6.221518843980582,-9.0,0.1275948782672324,-0.7618709269762253,-1.3576430569503122,1.0711872514103822,0.0012519462700005249,-0.002461100129235045,-0.002338017223353522,-0.006970862758688065,0.04908346933248622,0.24958545286187353,0.0,0.0,0.0,0.0,0.0,0.2392553502104489,-2.5523910684889266,-20.73839614660194,-30.0,36.56026556280056,0.3790122667028863,-4.86387578703027,-10.071187251410382,0.2392553502104489,-2.5523910684889266,-20.73839614660194,-39.08441962250256,44.31980229254598,0.4100000000000002
0.0,0.0,0.0,0.0,0.0,0.0,0.0,0.0,0.0,0.0,0.0,0.0,0,0.0,-1.5707963267948966,nan,0.25559961212209287,-0.2174483795662891,-0.10180939565149028,0.004513932678279264,-1.5708029604214835,0.24435801510376928,-0.20874041073992813,2.434644489602739,-0.10175862501426747,1.0921263088337065,-0.8319612350096428,0.7070885812867272,0.02461942529568828,0.014219873496654606,-0.011241597018323585,0.008707968826360962,5.0770637222807835e-05,0.011053588299274124,-0.008444559635130588,0.007118407460922167,0.0004466565558240847,-4.432410176293848,-5.210106834656365,-0.20674744442116547,0.1338651125394994,-1.5708032991903722,2.4366712389255625,0.33441967003468787,-0.8582708174833036,-0.7981358457131739,0,zero,0,-0.13386511253949962,-0.1293511798612199,0.7069547493402719,1.2826891323070666,1.4090858106834472,-0.44529900631871394,0.1767651777470019,0.7049272217234636,1.2728414890583382,1.4588883606958538,-0.27599293102783795,0.20820254864635843,0.0498653877280222,-0.04592677927551253,0.033972371037254576,0.2067035462509282,0.25469368313725854,0.8959918779518812,7.991116031775721,1.0,-0.2846936285495758,6.972395475646209e-06,3.38768888497043e-07,0.0,0.0,0.0,1,0.12106590297987169,-0.7504139818378538,-7.451075098853329,-9.0,0.12106590297987169,-0.7050373282869695,-3.146489617334431,-2.211731487616895,0.001602391499121154,-0.002784847923238196,-0.0023405553589161358,0.005660723661725997,0.027466348413140697,0.2025758935838436,0.0,0.0,0.0,0.0,0.0,0.22701275638453344,-5.002759878919026,-24.836916996177766,-30.0,39.26769138964891,-0.04537665355088427,-4.304585481518899,-6.788268512383105,0.22701275638453344,-5.002759878919026,-24.836916996177766,-60.485244683275745,65.57756027383486,0.4200000000000002
0.0,0.0,0.0,0.0,0.0,0.0,0.0,0.0,0.0,0.0,0.0,0.0,0,0.0,-1.5707963267948966,nan,0.2602118809079851,-0.22233952016443076,-0.10201673099445249,0.0048199783307054656,-1.570802950559959,0.24397526916438747,-0.2093104505075575,2.4325228105225927,-0.1018744465359504,0.6605335666916824,-0.49950147252740273,0.4321100830512292,0.00915138212792821,0.020818368377543868,-0.016236611743597612,0.013029069656873254,0.00014228445850208993,0.011750620820681828,-0.008943886606966725,0.007612864980269002,0.00035814637420527077,-0.25001195539972065,-0.29258382797724036,-0.2208050928343679,0.1660158110104457,-1.5708033045666978,2.434518380332405,0.20338027605783637,-0.860433418672453,-0.7981358476842197,0,zero,0,-0.1660158110104457,-0.16119583267974047,0.7090764265659837,1.283197282942982,1.408617796231786,-0.4449528126414425,0.20282428102731656,0.7070798499684413,1.2788264621588747,1.4502418697610697,-0.2465037383562747,0.21614161533186885,0.05176682765296774,-0.04767803431868844,0.03526778706786129,0.2207985585528287,0.817533732858956,-2.136533305277233,-0.9341460634001417,1.0,-0.45306944847106934,6.977771801253141e-06,3.5400673858987375e-07,0.0,0.0,0.0,1,0.10390932624497005,-1.3579309478028143,-3.6005152502895585,-9.0,0.10390932624497005,-0.8044474681200543,-3.8175483211577554,-4.650856166378697,0.0009745085431433711,-0.0027918649571483725,-0.002340555364696282,0.009669549436450795,-0.029042505562671156,0.0322832811857796,0.0,0.0,0.0,0.0,0.0,0.1948421643445904,-9.052872985352096,-12.001717500965196,-30.0,33.55642555056927,-0.55348347968276,0.2170330708681969,-4.349143833621303,0.1948421643445904,-9.052872985352096,-12.001717500965196,-46.44725642152613,48.81988657112897,0.4300000000000002
0.0,0.0,0.0,0.0,0.0,0.0,0.0,0.0,0.0,0.0,0.0,0.0,0,0.0,-1.5707963267948966,nan,0.2591323383614479,-0.22243674786446432,-0.10274542303913667,0.005137512310411596,-1.5708029403023533,0.24357671559007738,-0.209901125107827,2.4303214881174124,-0.10199461537773868,0.10380444653819204,0.06809889722270979,-0.04934469002359221,0.06085232028958942,0.019992072174897693,-0.015555622771370514,0.012535622756637332,0.0007508076613979842,0.007286906410046654,-0.005498866073304711,0.004737893203151085,0.0006433078051541066,4.581038422177707,5.336839736875474,-0.23012120329061428,0.12435245376783066,-1.5708030591369277,2.432248899529966,-0.17511341521089455,0.5858722859581135,-0.5372999585006919,0,zero,0,-0.12435245376783044,-0.11921494145741907,0.7112777470536235,1.2837245084757312,1.4081322135104994,-0.444593623587974,0.128097063774474,0.709349562141803,1.2895132217071337,1.4110470375399073,-0.31667515560703835,0.22413030621410387,0.053680152782136045,-0.049440235815423686,0.03657130026939369,0.23015642732300085,1.1982167636512397,-4.9478076668226025,-10.782922500237614,1.0,-0.3326195478439331,6.732342031412486e-06,1.1883457418093712e-07,0.0,0.0,0.0,0,0.09910340321119197,-2.1521054063640883,3.8684383537053546,-0.8912225098368621,0.09910340321119197,-1.0979814631266547,-2.379903924481511,-4.649435650090114,-0.0008390662184640783,0.001900991138924523,-0.0015756469327480231,0.012701694916709605,-0.07801687999582371,-0.19833571900839472,0.0,0.0,0.0,0.0,0.0,0.18583049542694913,-14.34736937576059,12.894794512351183,-2.970741699456207,19.518774878003835,-1.0541239432374336,6.248342278186866,3.7582131402532517,0.18583049542694913,-14.34736937576059,12.894794512351183,-2.970741699456207,19.518774878003835,0.4400000000000002
0.0,0.0,0.0,0.0,0.0,0.0,0.0,0.0,0.0,0.0,0.0,0.0,0,0.0,-1.5707963267948966,nan,0.25270647708890887,-0.21794364080017997,-0.10228162955966574,0.005466602344916138,-1.5708029296436608,0.24316211136389573,-0.21051247198926445,2.4280400528809807,-0.1021191570941338,0.7908021223041262,0.6011257046357382,-0.5104453945721815,-0.0588335195866041,0.012097255237911822,-0.009544365725013132,0.007431168810915517,0.00016247246553194317,0.00042085698509881106,0.00034099046878434576,-0.00024394207942902632,3.6583657396925334e-05,7.10996556925577,8.244119273016763,-0.2329194665154631,0.026326309596793163,-1.5708027100900963,2.4299242085699686,-0.6381355682505329,0.8613567324222958,0.7981067914914023,0,zero,0,-0.026326309596793163,-0.020859707251877246,0.7135591803097472,1.2842709213541126,1.4076289589525364,-0.44422136254901134,0.057344176269246726,0.7116747762487801,1.301758674562571,1.3549610658038396,-0.45854180571013436,0.23216328512325649,0.05560408508037272,-0.051212206675934825,0.03788203994001946,0.2329735515389536,1.1652188916767325,-5.656898724085143,-15.37823506181653,1.0,-0.19023478031158447,6.38329519997427e-06,-2.1955356466207832e-07,0.0,0.0,0.0,1,0.11562922224204056,-3.0959127925242425,9.0,9.0,0.11562922224204056,-1.5840719467652706,0.5679020051492437,-1.670166331817323,-0.003057664071450812,0.0027948608511323796,0.002340470156610248,0.013225831311279876,-0.09853457071980748,-0.32691987176673404,0.0,0.0,0.0,0.0,0.0,0.2168183428502542,-20.639418616828284,30.0,30.0,47.18085004569623,-1.5118408457589718,8.432097994850757,10.670166331817324,0.2168183428502542,-20.639418616828284,37.57882617667334,49.02342557413931,65.12677669648852,0.45000000000000023
0.0,0.0,0.0,0.0,0.0,0.0,0.0,0.0,0.0,0.0,0.0,0.0,0,0.0,-1.5707963267948966,nan,0.24441838542346592,-0.21178833084585896,-0.09945479583655628,0.005807308511821763,-1.570802918579002,0.2427312164369402,-0.21114450980231067,2.425678088341489,-0.10224809433522222,1.079537921035095,0.7857196738487421,-0.6787347767367224,-0.29557709641978847,0.003326193203627716,-0.0016871689865257111,0.0006438210435482927,-0.0027932984986659415,0.007445477747770653,0.005455802006687688,-0.004679244848388845,-0.0019426865432171563,5.878309641814299,6.784044326951541,-0.23142042973855603,-0.07532387031162102,-1.5708024742355269,2.427600839942171,-0.9188814666554219,0.8614018927182778,0.7981358476870498,0,zero,0,0.07532387031162102,0.08113117882344278,0.7159211428065856,1.2848366213249807,1.4071079406895295,-0.4438359615688583,0.18358979966434824,0.713998643325724,1.309678373403448,1.3097533456337116,-0.597479994032639,0.24023528136399536,0.05753736219393615,-0.0529927842532577,0.039199146061364244,0.23146464725504765,0.4405925671771371,-3.3899840312640803,-11.925902958173976,1.0,-0.13957317173480988,6.14744063032191e-06,-4.443434749035191e-07,0.0,0.0,0.0,1,0.13896132946141151,-3.4588273011466364,9.0,9.0,0.13896132946141151,-2.12745303661115,3.34067389856118,1.8410193572277538,-0.004402874539993116,0.0027950073836182994,0.0023405553647045814,0.009219704864000693,-0.07092074852179402,-0.28596306584870973,0.0,0.0,0.0,0.0,0.0,0.26056877828878966,-23.05884867431091,30.0,30.0,48.2884913646408,-1.3313742645354862,5.65932610143882,7.158980642772246,0.26056877828878966,-23.05884867431091,46.105602902528425,77.58312702100841,93.14851912744803,0.46000000000000024
0.0,0.0,0.0,0.0,0.0,0.0,0.0,0.0,0.0,0.0,0.0,0.0,0,0.0,-1.5707963267948966,nan,0.2380690706060992,-0.20724877968004166,-0.09630615507580939,0.006159683333251342,-1.5708029071036327,0.24228379372982137,-0.21179723853514604,2.4232352304067932,-0.10238144688170589,0.8518425975241262,0.5901892110247886,-0.5192279898652674,-0.32819933072305574,0.008681102435348233,0.004214723123722175,-0.004548458855104381,-0.006075291805896499,0.0106007481788325,0.007558418561064206,-0.0065693894469993595,-0.00347696607697488,1.8201930025895052,2.0908892390062137,-0.22963621921422525,-0.13046934633006524,-1.5708024236669247,2.425297706584048,-0.9929302637949259,0.8614019114428306,0.7981358476871637,0,zero,0,0.13046934633006524,0.13662902966331636,0.718363998636788,1.2854216955900588,1.4065690784073672,-0.44343736123858507,0.24537912857955888,0.7163020641877302,1.3061604276198733,1.3016319314104658,-0.6642648172822975,0.24834108971546573,0.059478737450497775,-0.05478082034324769,0.040521769298511846,0.22965364546946213,-0.9460902876911679,1.124861774856877,-2.5933961343150824,1.0,-0.25150811672210693,6.096872028127365e-06,-4.834367079986635e-07,0.0,0.0,0.0,1,0.15446097694462613,-2.2740445292983043,9.0,9.0,0.15446097694462613,-2.367174327808892,5.290845123384408,4.444448994594284,-0.004757683702516901,0.002795007444374218,0.0023405553647049154,-0.009114803431609697,0.0066576608921585945,-0.1091290671090556,0.0,0.0,0.0,0.0,0.0,0.2896324337982864,-15.160296861988694,30.0,30.0,45.05461672115669,0.09312979851058767,3.7091548766155924,4.555551005405716,0.2896324337982864,-15.160296861988694,30.51139204268671,65.90264157493203,74.18909420411343,0.47000000000000025
0.0,0.0,0.0,0.0,0.0,0.0,0.0,0.0,0.0,0.0,0.0,0.0,0,0.0,-1.5707963267948966,nan,0.23608616607775817,-0.20648139898534545,-0.09535318065280143,0.006523771870299511,-1.5708028952129407,0.241819609151879,-0.21247063965553603,2.420711166709669,-0.10251923167991298,0.2360533457735263,0.15187199503986504,-0.1440781815086195,-0.1090759221215043,0.010958816569904585,0.005733443074120825,-0.0059892406701905765,-0.007166051027111542,0.008610854613238425,0.006040734281097452,-0.005330679495441987,-0.0030397701611105197,-3.5774602174108585,-4.090445206784658,-0.23212674156624474,-0.10956504814720303,-1.5708025448307403,2.4229917882990213,-0.4230982123474092,-0.10948144304571678,0.7981358476871637,0,zero,0,0.10956504814720303,0.11608882001750231,0.7208880601681678,1.2860262189627552,1.4060123032017648,-0.4430255105891939,0.18816599909350193,0.7186079537235119,1.287871839676823,1.342983831579048,-0.6202971941106774,0.25647557043128877,0.061426979859141945,-0.056575181184579555,0.04184907100000409,0.23210632434035536,-2.3499201341322906,6.016666885519755,9.100895952976742,1.0,-0.18565480411052704,6.218035843552627e-06,-3.5038220058680736e-07,0.0,0.0,0.0,0,0.1621212138101695,0.1694710097201149,-1.4009386079963562,6.585853931697167,0.1621212138101695,-1.9856946073989319,4.534157464795589,5.5979975172473315,-0.0020272999452709303,-0.00035523655597775975,0.0023405553647049154,-0.019485307839550842,0.08836168037126259,0.1506569976174615,0.0,0.0,0.0,0.0,0.0,0.30399627566129667,1.1298067314674327,-4.669795359987854,21.952846438990555,22.474504053797258,2.1551656171190468,-5.9350960727919455,0.9878564144498352,0.30399627566129667,1.1298067314674327,-4.669795359987854,21.952846438990555,22.474504053797258,0.48000000000000026
0.0,0.0,0.0,0.0,0.0,0.0,0.0,0.0,0.0,0.0,0.0,0.0,0,0.0,-1.5707963267948966,nan,0.23916321172808697,-0.21018023039026393,-0.0959017226192663,0.006899611817473783,-1.5708028829024445,0.24133843163795762,-0.21316467625888136,2.418105635953064,-0.10266146287678929,0.46749152214399703,-0.3558223164250168,0.3004794801573146,0.04063107695885526,0.007702764902824331,0.002175219909870657,-0.0029844458686174302,-0.006759740257522989,0.0028629720357813346,0.001652083416795647,-0.0015478502819352789,-0.0017525378073889354,-7.537882146981967,-8.577425776278503,-0.24410271686793897,-0.014919262427051327,-1.570802829291668,2.420608704097608,0.7089935476265062,-0.8614020739319426,-0.7977116519323385,0,zero,0,0.01491926242705155,0.021818874244525333,0.7234935886984469,1.2866502540249747,1.4054375574338376,-0.4426003669847842,0.04423493600631256,0.720990630374593,1.2605975669617198,1.421439921752933,-0.4744695777703476,0.26463364923956206,0.06338087411036597,-0.05837474745874753,0.04318022319784089,0.24404730173474362,-2.8068447051004823,8.583857769285572,17.195941690091974,1.0,-0.1220935806632042,6.5024967712545845e-06,-5.361077626275801e-08,0.0,0.0,0.0,1,0.1600148691305281,2.381011687942351,-9.0,-9.0,0.1600148691305281,-0.9946538491890671,1.2723170237186112,3.0149269297159904,0.003397184243171526,-0.0027950079716057823,-0.0023393113989658523,-0.024404746210136843,0.14101591005078146,0.35045030507071234,0.0,0.0,0.0,0.0,0.0,0.30004663253427355,15.873411252949007,-30.0,-30.0,45.29961603354871,3.375665537131418,-10.27231702371861,-12.01492692971599,0.30004663253427355,15.873411252949007,-45.9494343041452,-38.39818885433577,61.95019477734622,0.49000000000000027
0.0,0.0,0.0,0.0,0.0,0.0,0.0,0.0,0.0,0.0,0.0,0.0,0,0.0,-1.5707963267948966,nan,0.2440768855223684,-0.2156073822178552,-0.09513544645198022,0.007287233597141007,-1.5708028701677947,0.24084003320251884,-0.2138792932226722,2.415418427255356,-0.10280815185487668,0.7234087089530359,-0.5412072229720205,0.47125348638004105,-0.09129651453734788,0.008504934609708917,-0.003236852319849548,0.0017280889951829803,-0.007672705402896468,0.003720650997213022,-0.002502230553174173,0.0021060622373881115,-0.0017738624394444203,-7.388541901068903,-8.364240807976445,-0.26521010731167455,0.10272436217928882,-1.5708032380996457,2.4180497560408827,1.0,-0.8614019117209494,-0.798135847759216,0,zero,0,-0.1027243621792886,-0.09543712858214803,0.7261807951100008,1.287293851283935,1.4048447945856708,-0.44216189601571815,0.1814654413450387,0.7235489498807649,1.2359245375972472,1.5038749020063076,-0.2990639881733781,0.272810317342859,0.06533922057608,-0.06017841429006521,0.04451440860748019,0.26514908833185336,-2.12199137516165,7.587658700024696,16.625914109851443,1.0,-0.1945510357618332,6.911304748946634e-06,3.679318512084251e-07,0.0,0.0,0.0,1,0.12633385206116585,2.974696098169978,-9.0,-9.0,0.12633385206116585,0.15678626883410296,-2.066175903327831,-0.8164864699178739,0.004791558758953817,-0.0027950074452766354,-0.0023405553649162108,-0.020943636479417622,0.13552278733662612,0.37503549612688103,0.0,0.0,0.0,0.0,0.0,0.236890778288329,19.83130732113319,-30.0,-30.0,46.83307450195928,2.8179098293358753,-6.9338240966721685,-8.183513530082125,0.236890778288329,19.83130732113319,-71.35742533086555,-84.7445869495857,112.54716360003042,0.5000000000000002
0.0,0.0,0.0,0.0,0.0,0.0,0.0,0.0,0.0,0.0,0.0,0.0,0,0.0,-1.5707963267948966,nan,0.24682158931325127,-0.2192582202973253,-0.09363125947762399,0.007686660453969152,-1.5708028570047756,0.24032418901082592,-0.21461441736754572,2.4126493794956034,-0.1029593072672779,0.4676827911359982,-0.3260547982575801,0.2915713934596609,-0.16553423867574357,0.012279804229166424,-0.006497400302425349,0.004643802929779589,-0.009328047789653904,0.00557532299111478,-0.003835064741087365,0.00334193594554036,-0.0022820975051094598,-3.7478436119757315,-4.219040002267067,-0.2878649220230068,0.18454421561564027,-1.570803599902211,2.415265073950905,1.0,-0.8614019117209679,-0.7981358476871648,0,zero,0,-0.18454421561564027,-0.17685755516167134,0.7289498405246028,1.2879570493289798,1.4042339791158933,-0.441710071391786,0.3158712279477149,0.7263331214810592,1.2220423250490429,1.5600312153317353,-0.1749700186489528,0.28100063141822945,0.06730083530960729,-0.06198509124566569,0.04585082062783805,0.28783283061371057,-0.8587247920543214,4.052079789698415,8.836638449920198,1.0,-0.3863450884819031,7.273107314631488e-06,7.428974351242346e-07,0.0,0.0,0.0,1,0.060205438910300994,2.3085049313773593,-9.0,-9.0,0.060205438910300994,1.0108946085531807,-4.499565540301823,-3.8105510133967573,0.004791558758953817,-0.0027950074452766953,-0.002340555364704919,-0.012598944892872542,0.08464001899241212,0.23630911733055296,0.0,0.0,0.0,0.0,0.0,0.11289225372267203,15.390032875849062,-30.0,-30.0,45.13165027539615,1.2976103228241787,-4.500434459698177,-5.189448986603242,0.11289225372267203,15.390032875849062,-68.34403355335328,-88.68843525221264,113.01951745786415,0.5100000000000002
0.0,0.0,0.0,0.0,0.0,0.0,0.0,0.0,0.0,0.0,0.0,0.0,0,0.0,-1.5707963267948966,nan,0.245138723554413,-0.21907888501006445,-0.09432958402421682,0.008097908549373756,-1.5708028434093064,0.23979067746689572,-0.2153699576251494,2.409798380658805,-0.10311493507260958,0.15778235480205696,0.11493542149080826,-0.0934875544864544,0.0542696741261145,0.010933441011149108,-0.005348046087517266,0.003708927384915045,-0.008785351048392759,0.002664657146590028,-0.0017873103538199606,0.0016018718080232598,-0.0011575517779613869,1.9332419810633572,2.1632179470152773,-0.30633662516989274,0.19128488286987633,-1.5708036776375123,2.412273256976119,1.0,-0.8614019117209679,-0.7981358476871638,0,zero,0,-0.19128488286987633,-0.18318697432050257,0.7318008369581691,1.2886398749883932,1.4036050863152483,-0.4412448748353715,0.3375878300893881,0.7293249057083325,1.2219488480806255,1.5719912611344748,-0.15636276615066677,0.28919971361719937,0.0692645500456839,-0.06379370233550145,0.04718866334128855,0.3063569073513184,0.5669313776908733,-0.8285898539623662,-3.162852490262146,1.0,-0.392368346452713,7.350842615494457e-06,8.342282056261752e-07,0.0,0.0,0.0,1,0.011126315197623415,0.9994483989344138,-9.0,-9.0,0.011126315197623415,1.3014976541340042,-6.088926683614537,-5.703243726257263,0.004791558758953817,-0.0027950074452766953,-0.002340555364704916,0.006636441075159294,0.008488096562661552,-0.020130524028886716,0.0,0.0,0.0,0.0,0.0,0.020863144942102785,6.662989326229426,-30.0,-30.0,42.94643014305455,-0.30204925519959036,-2.9110733163854627,-3.296756273742737,0.020863144942102785,6.662989326229426,-43.462359069233,-54.505184098025524,70.02990512241794,0.5200000000000002
0.0,0.0,0.0,0.0,0.0,0.0,0.0,0.0,0.0,0.0,0.0,0.0,0,0.0,-1.5707963267948966,nan,0.23847316264884455,-0.21447303556528197,-0.09765582438842693,0.00852098705596016,-1.570802829377441,0.23923928031787958,-0.2161458052130182,2.4068653671811475,-0.10327503856995046,0.8738997886081328,0.6114163756552299,-0.5381697032651289,0.3166136866869229,0.00591275423090039,0.0007661176690350324,-0.0016727696477362441,-0.00561921418152353,0.004050370427553782,0.0028794726053988726,-0.0025154314635755953,0.0013366909393025652,7.402343611978721,8.230760306372664,-0.3176043299687988,0.11095189681719475,-1.570803407028911,2.4091329494942477,0.4940534409333021,-0.22216141922555266,0.15208469585962936,0,zero,0,-0.11095189681719475,-0.10243090976123437,0.7347338479755038,1.2893423434862135,1.4029581021621649,-0.4407662959746175,0.22889378086271545,0.7324657648518166,1.236196072336621,1.5337960215312496,-0.2606437503712541,0.29740275156577073,0.07122921220045884,-0.06560318601234442,0.048527151513663866,0.31767237400488296,1.9828987708483166,-5.674769848841434,-14.761652817273493,1.0,-0.1518288254737854,7.080234014189557e-06,5.776514697686252e-07,0.0,0.0,0.0,0,0.014036338936905585,-0.9653438314523877,-1.5507331970372575,1.4392461414578825,0.014036338936905585,0.9644985998778578,-5.622730983310768,-4.841419156805924,0.002367286092295236,-0.0007208514542858335,0.00044599256105997336,0.016627710648252494,-0.08302867260271901,-0.27763135154503754,0.0,0.0,0.0,0.0,0.0,0.026319780492978784,-6.435625543015918,-5.169110656790859,4.797487138192942,9.547437178847508,-1.9298424313302456,4.07199778627351,6.2806652982638065,0.026319780492978784,-6.435625543015918,-5.169110656790859,4.797487138192942,9.547437178847508,0.5300000000000002
0.0,0.0,0.0,0.0,0.0,0.0,0.0,0.0,0.0,0.0,0.0,0.0,0,0.0,-1.5707963267948966,nan,0.22877091264831229,-0.2070761711094896,-0.10018591103408794,0.008955898251966188,-1.57080281490537,0.23866978277449238,-0.21694183381666848,2.403850323295268,-0.10343961843378205,1.2495050478562855,0.9132752457145066,-0.8192893059442652,0.2365506781829424,0.0143494091261496,0.009898870126180098,-0.009865662707178896,-0.0032537073996941057,0.010988992640176675,0.007994001593776834,-0.007126270350245888,0.0024637712271550136,9.67517866332512,10.688924384225322,-0.31956778333033414,-0.024989636553016448,-1.5708030195964258,2.4059320302663605,-0.6844238303954345,0.8613704244795362,0.7981341037671477,0,zero,0,0.024989636553016226,0.033945534804982636,0.7377488893450432,1.2900644585990475,1.4022930231783308,-0.4402743322365912,0.06270876480343286,0.7356674971785447,1.262775414331503,1.458488898499734,-0.4453130473155389,0.3056049983644218,0.07319368487149412,-0.06741249517178595,0.04986551059425421,0.31964830973882336,3.0076179536133854,-8.322524603726503,-19.732331401392422,1.0,-0.23256459832191467,6.69280152898466e-06,2.0469105566078838e-07,0.0,0.0,0.0,1,0.06816985780342526,-3.6305463520147097,9.0,9.0,0.06816985780342526,-0.028546787903224034,-2.338853945354738,-1.4079112927027966,-0.003279456999367966,0.002794905278015356,0.0023405502506114177,0.024724314112506564,-0.13618618779325226,-0.4185641041303203,0.0,0.0,0.0,0.0,0.0,0.12782647253595586,-24.20364234676473,30.0,30.0,48.84498584765057,-3.6019995641114857,11.338853945354739,10.407911292702796,0.12782647253595586,-24.20364234676473,35.85145732146347,66.8583152209597,79.6316140029518,0.5400000000000003
0.0,0.0,0.0,0.0,0.0,0.0,0.0,0.0,0.0,0.0,0.0,0.0,0,0.0,-1.5707963267948966,nan,0.21982333367510112,-0.2002517592573629,-0.09999160691154244,0.00940263761570792,-1.5708027999894252,0.23808197364707986,-0.217757899779123,2.4007532803755027,-0.1036086727489286,1.1331137739171366,0.8359769845798642,-0.7640477814581187,-0.03633584376920573,0.025552417789045646,0.01825863997197874,-0.017506140521760083,-0.003617065837386163,0.014729936805808919,0.010883252209440548,-0.009827105948307067,0.0013978012482393663,7.811126432461974,8.574638680483572,-0.31519537965467487,-0.15661669130896416,-1.5708027514627658,2.40275524698292,-1.0,0.8614019117261091,0.7981358476872302,0,zero,0,0.15661669130896438,0.16601932892467186,0.7408459296936007,1.2908062128128852,1.4016098562842638,-0.43976898874044956,0.18835733761396065,0.7388449583398556,1.2939485683218197,1.3776914493947234,-0.6265643799051753,0.31380177258810693,0.07515684683776463,-0.06922059715223682,0.05120297671580789,0.3152542497551212,3.0335702817014774,-7.462791981658781,-16.028277046270365,1.0,-0.5751820802688599,6.424667869264766e-06,-4.8526659135461614e-08,0.0,0.0,0.0,1,0.14054731144090798,-4.5,9.0,9.0,0.14054731144090798,-1.2976063637138933,1.2899422821255773,2.1552852171335855,-0.004791558758953817,0.0027950074452933772,0.0023405553647051105,0.026528450872590786,-0.13340342002716485,-0.37399791190251636,0.0,0.0,0.0,0.0,0.0,0.26354268036922557,-30.0,30.0,30.0,51.962192551357724,-3.2023936362861067,7.710057717874423,6.844714782866415,0.26354268036922557,-38.93574969872955,61.252347029933446,98.87333483056841,122.65336691888886,0.5500000000000003
0.0,0.0,0.0,0.0,0.0,0.0,0.0,0.0,0.0,0.0,0.0,0.0,0,0.0,-1.5707963267948966,nan,0.21480411802662108,-0.19691099258520994,-0.09966200129315261,0.009861193920020606,-1.5708027846260788,0.23747564549687197,-0.21859384229807433,2.397574316283142,-0.10378219704549838,0.6096852913658736,0.441288749827215,-0.41767091911043,-0.05031299149595991,0.03164048265344022,0.02267152747025089,-0.021682849712864383,-0.004120195752345762,0.013813970277849969,0.010179410106406432,-0.009319382542413228,0.0005953937781640484,3.0340089978758984,3.309745344432029,-0.3103488369506301,-0.2324504993023302,-1.5708026368136772,2.3996315557078924,-1.0,0.8614019117209707,0.7981358476871638,0,zero,0,0.2324504993023302,0.24231169322235058,0.7440248911611119,1.2915675874799126,1.4009086186548834,-0.43925027819060486,0.3035866125858261,0.7419690009288611,1.3184694151676284,1.3239027169638788,-0.7316660565414066,0.32198845828625683,0.07711759255965826,-0.07102647373492725,0.05253879669453128,0.3103702813591031,1.9295244009806198,-3.6708068886816028,-6.231227893927098,1.0,-0.893092155456543,6.310018780375515e-06,-1.4781240142980323e-07,0.0,0.0,0.0,1,0.1883508576825125,-4.5,9.0,9.0,0.1883508576825125,-2.38540781690954,3.978780620099952,4.7024073822336225,-0.004791558758953817,0.0027950074452767044,0.002340555364704916,0.020270322795869326,-0.07992193223346115,-0.1878955856731375,0.0,0.0,0.0,0.0,0.0,0.3531799319004547,-30.0,30.0,30.0,51.96272448654225,-2.11459218309046,5.021219379900048,4.2975926177663775,0.3531799319004547,-39.98319401650206,59.17780069482344,87.55563923047491,112.9901880517015,0.5600000000000003
0.0,0.0,0.0,0.0,0.0,0.0,0.0,0.0,0.0,0.0,0.0,0.0,0,0.0,-1.5707963267948966,nan,0.21513456874087022,-0.19843956565864773,-0.10243989164780318,0.01033154932670155,-1.5708027688119481,0.23685059480194529,-0.219449483630896,2.394313554711686,-0.10396018433382836,0.2850493996613351,-0.09555014091758296,0.06729317406161117,0.25999030663205747,0.03025415229248828,0.02171602606107506,-0.02100991797224827,-0.0015202926860251875,0.008678227589468743,0.006138408200195485,-0.005754116421411857,0.0021264343562000035,-3.2276224148269232,-3.4992037928850213,-0.3080861950010327,-0.22285137054541848,-1.5708026361454743,2.396544470145073,-1.0,0.861401911720968,0.7981358476871638,0,zero,0,0.2228513705454187,0.23318291987212003,0.7472856500553788,1.2923485529753274,1.4001893375750825,-0.4387182207698899,0.29239374499104853,0.7450560427285288,1.327018967874772,1.3197465649320073,-0.7176735104154768,0.33016050498277794,0.07907483217897575,-0.07282912114390684,0.05387222803008876,0.3080638583720335,0.07791918204163673,1.9156159819701144,6.753996221007487,1.0,-0.8299158215522766,6.3093505779932e-06,-1.3266647380660856e-07,0.0,0.0,0.0,1,0.20019076093631383,-4.203062107744181,9.0,9.0,0.20019076093631383,-3.1104495088507758,5.731660286112203,6.230913069549286,-0.004791558758953817,0.0027950074452766957,0.002340555364704916,0.00804610658424059,0.016569716371480185,0.0928338063034068,0.0,0.0,0.0,0.0,0.0,0.37538113807671825,-28.020414051627874,30.0,30.0,50.84569317674299,-1.092612598893405,3.268339713887797,2.7690869304507144,0.37538113807671825,-28.020414051627874,32.19710959596784,42.94569705075179,60.549742164052226,0.5700000000000003
0.0,0.0,0.0,0.0,0.0,0.0,0.0,0.0,0.0,0.0,0.0,0.0,0,0.0,-1.5707963267948966,nan,0.2205082180052865,-0.20466339379235607,-0.10762511070184835,0.01081367948095413,-1.5708027525437949,0.23620662213737945,-0.22032462930771224,2.390971164532098,-0.10414262513943817,0.9478816798939086,-0.6017621928982114,0.5348682456892101,0.5002778248435369,0.022446422785253817,0.015698404132092947,-0.01566123551535617,0.0034824855624101814,0.00475275695806485,8.038191422144077e-05,-0.00026981177439376093,0.004744411349861902,-8.419118870185605,-9.071012856786295,-0.31237230024624874,-0.12565922374327232,-1.5708027868640477,2.393447415714846,-0.8624493336482116,-0.5713063419061248,-0.768215095761461,0,zero,0,0.12565922374327254,0.13647290322422645,0.7506280375068151,1.2931490688541518,1.3994520502952994,-0.4381728440327236,0.14563223426682878,0.7481526515683327,1.3171345541777797,1.3711363030242398,-0.5789760225205531,0.3383134276760535,0.08102749151893089,-0.07462755004604475,0.055202538905602894,0.3123102750928608,-1.5888633999767747,6.962978577954192,17.75009507539904,1.0,-0.40657055377960205,6.4600691511707e-06,3.432025286187468e-08,0.0,0.0,0.0,0,0.18790160442804826,-1.579815469929723,-3.784885135739289,-6.7402753463331955,0.18790160442804826,-3.0949996960635073,4.352805938000565,4.140054324661383,-0.004132476658795971,-0.001853728738506285,-0.0022528119352641196,-0.013974982243615364,0.10525821556712957,0.34781139998596855,0.0,0.0,0.0,0.0,0.0,0.35233752939817786,-10.53210313286482,-12.61628378579763,-22.46758448777732,27.83904286097343,1.5151842261337842,-8.137691073739855,-10.880329670994579,0.35233752939817786,-10.53210313286482,-12.61628378579763,-22.46758448777732,27.83904286097343,0.5800000000000003
0.0,0.0,0.0,0.0,0.0,0.0,0.0,0.0,0.0,0.0,0.0,0.0,0,0.0,-1.5707963267948966,nan,0.22750025010000544,-0.21251250765913138,-0.11037263986714926,0.011307553605827803,-1.5708027358185326,0.23554353236906417,-0.22121906835273106,2.3875473591380585,-0.10432950753799214,1.0654825408158017,-0.7655121863034214,0.695467482175649,0.25606467667469435,0.013304812554816152,0.008043282269058732,-0.00870656069359968,0.006043132329157125,0.00829669899362911,-0.005040904820545429,0.004448701683206749,0.004861434573757172,-9.494989252273095,-10.164738731612543,-0.32740803766513144,0.012639763491653744,-1.5708031400723619,2.3902452581291187,0.14952042921342742,-0.8614019164082406,-0.7981358286126774,0,zero,0,-0.012639763491653966,-0.0013322098858257192,0.7540518401231904,1.2939690840080478,1.3986968038870902,-0.4376141827982764,0.0815552035146305,0.7513541018609478,1.2966199774668565,1.4542770133471483,-0.37805088446089974,0.3464428068389423,0.0829745120841503,-0.0764207855510294,0.056529008187654176,0.3273314509735511,-2.211223698086047,8.706197891783717,20.404567403710313,1.0,-0.2183355838060379,6.813277465322898e-06,4.042538295223608e-07,0.0,0.0,0.0,1,0.15588971226227907,0.46893802758568826,-9.0,-9.0,0.15588971226227907,-2.3806620545442083,0.8637124795823379,0.23203592781173515,0.0007164359222401323,-0.0027950074604855797,-0.002340555308768459,-0.019886518766598194,0.14577416766973908,0.44269871470683103,0.0,0.0,0.0,0.0,0.0,0.2923114799592707,3.126253517237922,-30.0,-30.0,42.54243654347219,2.8496000821298964,-9.863712479582338,-9.232035927811735,0.2923114799592707,3.126253517237922,-56.541801343825576,-83.10442221872874,100.56430379895608,0.5900000000000003
0.0,0.0,0.0,0.0,0.0,0.0,0.0,0.0,0.0,0.0,0.0,0.0,0,0.0,-1.5707963267948966,nan,0.23188621168926105,-0.2180887764552607,-0.10897794297180113,0.011813134596662334,-1.5708027186332287,0.23486113486058408,-0.22213257351404483,2.3840423957912202,-0.10452081719027975,0.706718086841578,-0.5068359097735703,0.46627636348155477,-0.15860065476357432,0.006713302671577415,0.0029749231713230295,-0.004043797058784132,0.004457125781521382,0.009315523137980692,-0.006727602209738767,0.006063578387407205,0.002179760762455348,-6.529326712915924,-6.942477217268407,-0.34923110851203404,0.12941398831799256,-1.570803584896089,2.3868481853171453,0.9401270308372636,-0.8614019117209671,-0.7981358476871647,0,zero,0,-0.12941398831799233,-0.11760085372133045,0.7575568006443755,1.2948085368221303,1.397923655098699,-0.4370422790436357,0.27152281180328114,0.7547504760382592,1.2755165879846724,1.5338533311219256,-0.2028037131369116,0.35454428841877955,0.08491485106067359,-0.07820786721136874,0.05785092542628126,0.3491748062434916,-1.9610643932326068,7.090031378217906,14.65945138258444,1.0,-0.2535499930381775,7.2581011925088035e-06,8.662628605549116e-07,0.0,0.0,0.0,1,0.09319523482918868,1.5023712517371566,-9.0,-9.0,0.09319523482918868,-1.3403999181518667,-2.397906942174627,-3.1001598996701816,0.004504673909137535,-0.0027950074452766926,-0.0023405553647049184,-0.019069913797264824,0.12883418154659038,0.35267601151009914,0.0,0.0,0.0,0.0,0.0,0.17475198730393526,10.015808344914378,-30.0,-30.0,43.59296910121084,2.8427711698890232,-6.602093057825373,-5.899840100329818,0.17475198730393526,10.015808344914378,-75.03108392466237,-104.32032735337567,128.89042326365566,0.6000000000000003
0.0,0.0,0.0,0.0,0.0,0.0,0.0,0.0,0.0,0.0,0.0,0.0,1,0.0,-1.5707963267948966,nan,0.2311994824532293,-0.2190246473357327,-0.1066156811165575,0.012330379115529588,-1.5708027009851047,0.23415924369257635,-0.22306490150210168,2.380456574966459,-0.10471653737720865,0.25580294299216055,-0.0015161931975982146,0.0003542892415164811,-0.25579820421725297,0.005356359516080946,0.0029597612393470474,-0.004040254166368967,0.001899143739348852,0.00604159334788629,-0.004487234214700415,0.004037601437536332,-0.0002517020366432552,-0.9644688894653503,-1.0181015986831123,-0.37065163773846155,0.17802617243697472,-1.5708038622403107,2.383229671118579,1.0,-0.861401911720968,-0.7981358476871637,1,zero,0,-0.17802617243697494,-0.16569579332144535,0.7611426185970869,1.2956673553317815,1.397132670210632,-0.43645718179697096,0.3688189893595306,0.7583686698619243,1.2598263015549709,1.5835059705919523,-0.12022915664780405,0.3626135838373768,0.08684748131595334,-0.07998784902239017,0.05916759085498085,0.37064569267852865,-1.2568202458493734,3.320104246287053,3.465687882370663,1.0,-10.363182067871094,7.535445414319497e-06,1.1612552057727044e-06,0.0,0.0,0.0,1,0.024919305026488255,1.8528512780029678,-9.0,-9.0,0.024919305026488255,-0.3338963333970362,-4.724885357061299,-5.317757121514114,0.004791558758953817,-0.0027950074452766957,-0.0023405553647049154,-0.014701757350647732,0.07359515743797151,0.1348010170812289,0.0,0.0,0.0,0.0,0.0,0.04672661733824912,12.352341853353119,-30.0,-30.0,44.18803608035626,2.186747611400004,-4.275114642938701,-3.6822428784858863,0.04672661733824912,12.352341853353119,-66.4064742594206,-82.36708364052751,106.52107220475962,0.6100000000000003
0.0,0.0,0.0,0.0,0.0,0.0,0.0,0.0,0.0,0.0,0.0,0.0,1,0.0,-1.5707963267948966,nan,0.2246881191687087,-0.21448713314437617,-0.1062333295405975,0.012859237685672209,-1.5708026828715431,0.23343767789393813,-0.22401579323703605,2.376790239697132,-0.1049166490348255,0.7998976056830263,0.5789797485882375,-0.5488405926290907,-0.05824632335768576,0.013003222239197759,0.008749558725229423,-0.009528660092659874,0.0013166805057719944,0.0014112971311715508,0.0008668413063864597,-0.0009654941807181305,-0.0005551276690948593,5.793901194338541,6.069497228881042,-0.38750685625540915,0.13395413456630578,-1.5708037756061386,2.3794183664001687,1.0,-0.861401911720968,-0.7981358476871638,1,zero,0,-0.13395413456630578,-0.12109489688063357,0.7648089509496316,1.2965454573794657,1.3963239248912265,-0.43585894703069966,0.33355846324459376,0.762180309572586,1.2531019252335713,1.58809761205675,-0.16643390908464234,0.3706464699910213,0.08877139139885494,-0.08175979942224039,0.06047831539070765,0.38756489857726306,-0.2338032364692763,-1.5599129531630584,-10.184666856941845,1.0,-10.422080039978027,7.448811242039e-06,1.0927345952538303e-06,0.0,0.0,0.0,1,-0.004319799792519419,1.4245756574438553,-9.0,-8.870258380094107,-0.004319799792519419,0.36049923547874796,-6.222004415118209,-6.559520681177996,0.004791558758953817,-0.0027950074452766957,-0.002340555364704916,-0.00797179638159907,-0.013467359268118205,-0.1634997783975724,0.0,0.0,0.0,0.0,0.0,-0.008100130869153233,9.497171049625702,-30.0,-29.567527933647025,43.17910410910543,1.0640764219651073,-2.7779955848817908,-2.3107376989161112,-0.008100130869153233,9.497171049625702,-39.28850292085357,-29.567527933647025,50.080150692933074,0.6200000000000003
0.0,0.0,0.0,0.0,0.0,0.0,0.0,0.0,0.0,0.0,0.0,0.0,0,0.0,-1.5707963267948966,nan,0.2129933378281084,-0.20493603351765477,-0.10624943749771074,0.013399654785948734,-1.5708026642900916,0.2326962616842221,-0.22498497410505103,2.3730437749203284,-0.10512113078935534,1.5188416443657182,1.0953365130884296,-1.0520280494736383,-0.018837379741659666,0.028132513275299097,0.01970292385611372,-0.020048940587396258,0.0011283067083553977,0.010979418048885314,0.007866215343646121,-0.0076436547420049746,-0.0004947919205077957,10.95248283923884,11.383187343357488,-0.39726374054440955,0.0007948079546957754,-1.5708034188154454,2.3754730284585968,0.9945184337219571,0.07281728833139034,0.7993372776361377,0,zero,0,-0.0007948079546959974,0.012604846831252736,0.7685554127666517,1.2974427507715425,1.3954975040522257,-0.4352476375546524,0.18146836452221393,0.7661265472632891,1.2585941551981374,1.543886217493348,-0.3383123793665392,0.37863878925047717,0.09068558553965696,-0.08352280129188575,0.06178242063387456,0.3973635250274951,1.0937039272307028,-6.103210174995442,-20.80614411734158,1.0,-0.6522432565689087,7.092020548604694e-06,7.545253537522001e-07,0.0,0.0,0.0,1,0.02152883916316354,-0.17270486719580727,-0.2375482585364004,9.0,0.02152883916316354,0.5081713804183041,-5.458091031585332,-3.8690984873086833,0.004765293512041475,0.00023627166397214035,0.0023440785911337707,0.010408676551162933,-0.0918872960936631,-0.4161702039221733,0.0,0.0,0.0,0.0,0.0,0.04036909649946285,-1.151365781305382,-0.7918275284546681,30.0,30.032553398955805,-0.6808762476141114,5.2205427730489316,12.869098487308683,0.04036909649946285,-1.151365781305382,-0.7918275284546681,40.557180963015966,40.58126650719463,0.6300000000000003
0.0,0.0,0.0,0.0,0.0,0.0,0.0,0.0,0.0,0.0,0.0,0.0,0,0.0,-1.5707963267948966,nan,0.20043011147085518,-0.1943940763171386,-0.10297886228849407,0.01395156894527183,-1.570802645238462,0.2319348247265445,-0.22597215422403347,2.3692176068221222,-0.1053299589922744,1.6861479427030495,1.1801789399575602,-1.1529137319498617,-0.3479403412135734,0.04466821708248109,0.03150471325568932,-0.031578077906894875,-0.0023510967037803365,0.018469210593467518,0.013088837450605309,-0.01275927894281001,-0.0026447825992035375,11.366085053059782,11.71912495793116,-0.3975963704563153,-0.16588671636163177,-1.570803099285945,2.371484772521374,0.12335974226500238,0.8613969427372123,0.7981358188680971,0,zero,0,0.16588671636163177,0.1798382853069036,0.7723815778638696,1.2983591334350817,1.3946535017043484,-0.4346233229092382,0.14918161467233876,0.7701157760470857,1.2764901049283333,1.4687784977730745,-0.5622056525962117,0.3865864494609839,0.09258908365005065,-0.08527595195511178,0.06307923886835241,0.39768885610278637,2.151325643823916,-7.989874299389731,-22.16416382736348,1.0,-1.3154761791229248,6.772491048412377e-06,4.540474831671304e-07,0.0,0.0,0.0,1,0.0919010977235736,-2.9106309050895876,9.0,9.0,0.0919010977235736,-0.07256329064836783,-2.0763915943866325,0.26967812777962785,0.0005910854535521575,0.002794991322318987,0.0023405552801922087,0.01872604986115553,-0.13329548554076645,-0.4854072863308811,0.0,0.0,0.0,0.0,0.0,0.1723253285647358,-19.404206033930585,30.0,30.0,46.653541214211096,-2.83806761444122,11.076391594386632,8.730321872220372,0.1723253285647358,-19.404206033930585,37.474409597783165,100.39108382871488,108.90020199628913,0.6400000000000003
0.0,0.0,0.0,0.0,0.0,0.0,0.0,0.0,0.0,0.0,0.0,0.0,0,0.0,-1.5707963267948966,nan,0.19142684892340722,-0.187137333794117,-0.09752872031248674,0.014514912837052085,-1.5708026257145433,0.23115320239030612,-0.22697702871856956,2.3653122021828294,-0.1055431077554124,1.2958493180283963,0.822164021120958,-0.8261617017557676,-0.5663290739145316,0.05682970048782384,0.0397263534668989,-0.03983969492445255,-0.008014387442925652,0.02067345742577465,0.01418188483030437,-0.013989171442830815,-0.005528929999410974,7.709238617470644,7.88603992706703,-0.3929476132342532,-0.30105737237853436,-1.5708029419969525,2.3675300167608615,-0.8871163991124154,0.8614019117216136,0.7981358476871896,0,zero,0,0.30105737237853436,0.31557228521558667,0.7762869794628324,1.2992944935746769,1.3937920208128611,-0.43398607925861027,0.3143718123046702,0.7740712217738328,1.2990051861500245,1.3952933395340439,-0.7483463648115056,0.39448542394225744,0.09448092132314029,-0.08701836317852359,0.06436811306147015,0.39300344874129095,2.152117886248254,-6.505958719560029,-15.382074610996074,1.0,-2.1466152667999268,6.615202055915148e-06,3.162824091518246e-07,0.0,0.0,0.0,1,0.17254880459308328,-4.5,9.0,9.0,0.17254880459308328,-1.1708353261281328,1.4898541760501134,3.5151309846969325,-0.004250670352378664,0.0027950074452787904,0.0023405553647049913,0.02043886982098039,-0.11945919390738448,-0.37123700796221243,0.0,0.0,0.0,0.0,0.0,0.3235492304389336,-30.0,30.0,30.0,51.96253154056794,-3.329164673871867,7.510145823949887,5.484869015303067,0.3235492304389336,-32.51614946340891,56.54474791017368,115.89951978282389,132.9940294229239,0.6500000000000004
0.0,0.0,0.0,0.0,0.0,0.0,0.0,0.0,0.0,0.0,0.0,0.0,0,0.0,-1.5707963267948966,nan,0.18802802040478583,-0.18525635239414873,-0.09470422503036774,0.015089613373635569,-1.5708026057163953,0.230351236022991,-0.2279992780045268,2.36132806772226,-0.10576054898609205,0.4942248394858791,0.25968621513062784,-0.29032306859255175,-0.304193651279866,0.0611592557951233,0.04232321561820518,-0.04274292561037807,-0.011056323955724312,0.016840146536482335,0.011166068685377093,-0.011241704916191364,-0.005703815921023224,1.6338250966729329,1.6582962945807203,-0.38887866863482634,-0.3609475779662401,-1.5708028694710383,2.3636250626576727,-1.0,0.8614019117209685,0.798135847687164,0,zero,0,0.3609475779662401,0.3760371913398757,0.7802711108456564,1.3002487098292594,1.3929131731531506,-0.4333359892838311,0.4039501865360698,0.7779764372663743,1.314411710826285,1.353063694210363,-0.8350596705704049,0.4023317514884904,0.09636014983344321,-0.08874916117154574,0.06564839686401484,0.388888137376201,1.0021516365770784,-2.427269852150316,-3.7530618514150103,1.0,-2.552375078201294,6.5426761417519685e-06,2.6375464301509055e-07,0.0,0.0,0.0,1,0.2185168478923736,-4.5,9.0,9.0,0.2185168478923736,-2.2442358458357687,4.106627105096516,5.601844841387716,-0.004791558758953817,0.002795007445276697,0.0023405553647049162,0.013828898679033476,-0.06021430026166571,-0.14154289698221031,0.0,0.0,0.0,0.0,0.0,0.40974469884187814,-30.0,30.0,30.0,51.96313973114239,-2.2557641541642313,4.893372894903484,3.3981551586122842,0.40974469884187814,-30.692742185200892,49.56832375337046,89.45043556855535,106.77364589021329,0.6600000000000004
0.0,0.0,0.0,0.0,0.0,0.0,0.0,0.0,0.0,0.0,0.0,0.0,0,0.0,-1.5707963267948966,nan,0.19065574367267002,-0.18930866891837778,-0.09763307411218286,0.015675591800746513,-1.570802585242261,0.2295287732303117,-0.22903856808335005,2.357265749444969,-0.10598225242230672,0.5320784693982161,-0.34501860605634926,0.30130264454057976,0.2707145645600456,0.056207527014648054,0.038873029557641686,-0.03972989916497227,-0.008349178310123856,0.007767313154427422,0.0051348336947569795,-0.00547609360194639,-0.001994250593293497,-5.478171559760481,-5.5172055639505215,-0.38822647402770677,-0.3241293559439897,-1.5708028137776973,2.3597449563548607,-1.0,0.8614019117209681,0.7981358476871637,0,zero,0,0.32412935594398995,0.339804947744736,0.7843334260097726,1.3012216514289137,1.3920170791662954,-0.4326731420760381,0.3598202591625103,0.7818563234434942,1.3141275867837776,1.3607020758834365,-0.7908871706520597,0.4101215363683507,0.09822583613688948,-0.0904674865864221,0.06691945461023154,0.38818603604283636,-0.7365029194017412,2.9659577505684704,10.00441157324458,1.0,-2.1696219444274902,6.486982800701924e-06,2.2853543635292795e-07,0.0,0.0,0.0,1,0.21950573093742626,-2.586057037430139,5.973003456302647,9.0,0.21950573093742626,-2.7161783488154803,5.21965623340917,6.764633179881489,-0.004791558758953817,0.002795007445276696,0.0023405553647049154,-0.007368720089989093,0.03511864729894786,0.15959910073081307,0.0,0.0,0.0,0.0,0.0,0.41159897044332694,-17.240380249534258,19.910011521008823,30.0,39.92253353217585,0.13012131138534144,0.7533472228934768,2.235366820118511,0.41159897044332694,-17.240380249534258,19.910011521008823,34.96014793982893,43.77237288064733,0.6700000000000004
0.0,0.0,0.0,0.0,0.0,0.0,0.0,0.0,0.0,0.0,0.0,0.0,0,0.0,-1.5707963267948966,nan,0.1989269733845951,-0.1990725199774607,-0.10420774591031054,0.016272763791925993,-1.5708025642905685,0.2286856681639253,-0.23009455084620892,2.3531258319855124,-0.10620818566794302,1.4113984197363014,-0.91143347783115,0.8707868296224053,0.6348738552491379,0.043034266270204,0.029758694779330186,-0.031022030868748218,-0.0020004397576324773,0.004476240422420646,-0.0026483135171656777,0.0021507099577529887,0.0028978630940284696,-10.904186262326798,-10.896317048230653,-0.39516755931147035,-0.19573441021108762,-1.5708028558773548,2.3558326798965497,-0.5091429822713854,-0.839604309256165,-0.799278199431871,0,zero,0,0.19573441021108762,0.2120071740030136,0.788473340322671,1.30221317835169,1.3911038678146372,-0.4319976330296089,0.1908791486930311,0.7857679354773477,1.29843516923772,1.4179667459710907,-0.620919952025236,0.41785094832498326,0.10007706287082234,-0.09217249451821612,0.06818066131782341,0.395084532867576,-1.9742672281712497,7.1538425322721535,20.59486208419048,1.0,-1.2640150785446167,6.529082458239799e-06,2.9158678627183576e-07,0.0,0.0,0.0,1,0.1910256955916398,-0.16624566748924438,-7.280878665737902,-9.0,0.1910256955916398,-2.3898725555202582,2.971117597478894,4.013722867831112,-0.002439588516262325,-0.002724280342922596,-0.0023439053426719527,-0.01742780525593695,0.11199100636440405,0.4120458528476931,0.0,0.0,0.0,0.0,0.0,0.35819556645722817,-1.108304449928296,-24.269595552459673,-30.0,38.605309364095646,2.223626888031014,-10.251996263216796,-13.013722867831113,0.35819556645722817,-1.108304449928296,-24.269595552459673,-35.56109747505255,43.06926473400399,0.6800000000000004
0.0,0.0,0.0,0.0,0.0,0.0,0.0,0.0,0.0,0.0,0.0,0.0,0,0.0,-1.5707963267948966,nan,0.2093196638023379,-0.21117309108962812,-0.10798217265839613,0.01688103954297482,-1.5708025428599346,0.22782178181594737,-0.23116686438812237,2.3489089379537007,-0.10643831422804662,1.615224551459518,-1.1256576765720727,1.1028257570253968,0.35442981879819924,0.027284846353865994,0.01850211801360946,-0.01999377329849425,0.001543858430349515,0.01345098626939865,-0.00925354915545892,0.00877045567117515,0.004287186369521178,-11.494531315099588,-11.393744127399687,-0.41234299654859025,-0.031400124577482424,-1.5708030999807896,2.351789006351268,0.5489216734678027,-0.8614019116929678,-0.7981357996653016,0,zero,0,0.0314001245774822,0.04828116412045702,0.7926902311766454,1.3032231414804185,1.3901736764373531,-0.4313095637353269,0.11352640502355385,0.7898107137776387,1.2774230542715623,1.496026704919759,-0.39953780145749324,0.4255162225760083,0.10191292835399769,-0.0938633545048105,0.06943140268795164,0.41224851694162146,-2.046022044313896,7.751294418814009,21.889886191632712,1.0,-0.5844321250915527,6.773185893038658e-06,5.571208552268558e-07,0.0,0.0,0.0,1,0.1438602481637534,1.2167436762814572,-9.0,-9.0,0.1438602481637534,-1.5392845529099104,-0.5317666062989548,-0.174663953575522,0.0026301904524842373,-0.0027950074451858426,-0.0023405552238794816,-0.019449889351473536,0.1336807189834267,0.4798736749057847,0.0,0.0,0.0,0.0,0.0,0.2697548249835991,8.111624508543049,-30.0,-30.0,43.1957315001517,2.756028229191368,-8.468233393701045,-8.825336046424479,0.2697548249835991,8.111624508543049,-61.959954959845845,-95.395880644373,114.04070011348922,0.6900000000000004
0.0,0.0,0.0,0.0,0.0,0.0,0.0,0.0,0.0,0.0,0.0,0.0,0,0.0,-1.5707963267948966,nan,0.21735366280523274,-0.22114790532737988,-0.10711641183081477,0.017500323866388223,-1.570802520949169,0.22693698231945608,-0.23225513333216527,2.3446157272798502,-0.10667260154414251,1.2638265697800428,-0.8918798499386121,0.8886545293708858,-0.11000481436772569,0.014676767165576306,0.009583319514223337,-0.011107228004785391,0.0004438102866722582,0.016994892913952574,-0.012093494365875031,0.011750536900505693,0.0021210048866323575,-7.883328450102086,-7.748134168629606,-0.4336386211276089,0.10343704229517603,-1.5708034428161912,2.3475428613672773,1.0,-0.8614019117209639,-0.7981358476871705,0,zero,0,-0.10343704229517581,-0.0859367184287878,0.7969834386435379,1.3042513827595255,1.3892266506060273,-0.4306090418735464,0.2774180359051045,0.794056029842235,1.2605787943617721,1.5606455918674846,-0.2169259856369852,0.4331136598135229,0.10373254658658462,-0.09553925052690751,0.07067107510523554,0.4335694038342718,-1.385396403041884,5.282843972466967,14.950976413526421,1.0,-0.38500910997390747,7.1160212948839785e-06,9.218670222743697e-07,0.0,0.0,0.0,1,0.08052030240364053,1.5492237127741628,-9.0,-9.0,0.08052030240364053,-0.6061424043715268,-3.4179378524317796,-3.4528749773574705,0.004791558758953817,-0.0027950074452766822,-0.0023405553647049353,-0.015517440548644634,0.10177604853880673,0.3631404413505663,0.0,0.0,0.0,0.0,0.0,0.15098500356954908,10.328158085161085,-30.0,-30.0,43.665703313966915,2.1553661171456895,-5.58206214756822,-5.547125022642529,0.15098500356954908,10.328158085161085,-70.90100595212382,-110.55597257822436,131.7431947526838,0.7000000000000004
0.0,0.0,0.0,0.0,0.0,0.0,0.0,0.0,0.0,0.0,0.0,0.0,1,0.0,-1.5707963267948966,nan,0.2204488656539932,-0.22630270121617363,-0.10522597217624483,0.018130516285799425,-1.5708024985572833,0.22603114525418633,-0.23335896916385088,2.3402468965600383,-0.10691100902960451,0.6078699525685619,-0.40010399140301967,0.4050960057108144,-0.21288471400319475,0.009153803148491346,0.005582279600193141,-0.007056267947677247,-0.0016850368533596893,0.015010002827011457,-0.010710732775548817,0.010515719711005268,-5.218932033716674e-06,-1.7446490108031698,-1.6995273105521995,-0.45231059273785695,0.16412582450754942,-1.5708036192518888,2.343092447979129,1.0,-0.8614019117209679,-0.7981358476871638,1,zero,0,-0.16412582450754964,-0.14599530822175,0.8013522661294844,1.3052977353518445,1.388262943980223,-0.42989618110735844,0.35967980845858627,0.7985060313306295,1.252179440787999,1.5890357324715536,-0.1362463935298445,0.4406396262041001,0.10553504725016503,-0.09719938100802883,0.07189908563775246,0.45229435967883785,-0.45362750380261085,1.0468315791517264,3.0288158146409763,1.0,-10.396404266357422,7.292456992047391e-06,1.1206946055608569e-06,0.0,0.0,0.0,1,0.03586813252998486,1.3412166001479926,-9.0,-9.0,0.03586813252998486,0.10029089595410813,-5.389788008214756,-5.556089769327136,0.004791558758953817,-0.0027950074452766953,-0.002340555364704916,-0.009256622457221971,0.037279247535535555,0.1275520384242066,0.0,0.0,0.0,0.0,0.0,0.06725695205322493,8.941444000986618,-30.0,-30.0,43.35843567658292,1.2409257041938844,-3.6102119917852438,-3.4439102306728637,0.06725695205322493,8.941444000986618,-54.42636649559901,-82.9104267648438,99.5807319744245,0.7100000000000004
0.0,0.0,0.0,0.0,0.0,0.0,0.0,0.0,0.0,0.0,0.0,0.0,0,0.0,-1.5707963267948966,nan,0.21783190104125627,-0.2256892451030177,-0.10534539300298998,0.018771511130419194,-1.5708024756834897,0.22510415395657632,-0.2344779705757636,2.335803178401353,-0.10715349610508337,0.24233374060550253,0.1689973315126908,-0.17324575250686758,-0.01230662487337053,0.011549744357667565,0.007272252915320049,-0.008788725472745923,-0.0018081031020933946,0.008379248389347312,-0.006003214652424968,0.005845162869273378,-8.537235476135333e-05,5.37202330462919,5.185049596240481,-0.4657033872182936,0.12932090378896244,-1.5708034349679008,2.3384812531233323,1.0,-0.8614019117209679,-0.798135847687164,0,zero,0,-0.12932090378896266,-0.11054939265854324,0.8057959810296587,1.306362023795433,1.3872827181630536,-0.42917110097575584,0.30663992766498355,0.8031174622781273,1.2540833924267432,1.5697957266454772,-0.18838734485297365,0.44809055338878895,0.10731957570773379,-0.09884295881451552,0.07311485203703783,0.4657484271839906,0.6446981382202146,-3.949853539139257,-10.771301543267892,1.0,-0.3125030994415283,7.1081730039779245e-06,9.59284411017336e-07,0.0,0.0,0.0,0,0.045915470878902416,0.47384901888275316,-6.666482294886708,-7.921180414520015,0.045915470878902416,0.4183701515597861,-6.180460076931177,-6.526441945407397,0.004791558758953817,-0.0027950074452766953,-0.0023405553647049162,0.007553617824643,-0.052598688483484854,-0.17665869298970727,0.0,0.0,0.0,0.0,0.0,0.08609688895350162,3.1589934592183546,-22.22160764962236,-26.40393471506672,34.65478707654878,0.055478867322967085,-0.48602221795553113,-1.3947384691126183,0.08609688895350162,3.1589934592183546,-22.22160764962236,-26.40393471506672,34.65478707654878,0.7200000000000004
0.0,0.0,0.0,0.0,0.0,0.0,0.0,0.0,0.0,0.0,0.0,0.0,0,0.0,-1.5707963267948966,nan,0.21003170949325684,-0.21966785382983814,-0.10576507990305598,0.01942319762947231,-1.5708024523272097,0.22415589983333575,-0.2356117238224931,2.3312853407671517,-0.10740002023399486,0.9908336132717208,0.6851937424758869,-0.7155144519909035,0.017316277115450585,0.02136288306833121,0.014124190340078918,-0.015943869992654958,-0.0016349403309388888,0.001040397538495437,0.0005648155241336321,-0.0008717781550441651,5.842354142643466e-05,10.554941331644818,10.092032896698278,-0.471472914899547,0.006885684286748184,-1.5708029905428174,2.3337749757975716,0.6492069282740097,0.8299899682479179,0.7988945949125388,0,zero,0,-0.006885684286748184,0.012537513342723905,0.8103138153830174,1.3074440641603848,1.3862861425567556,-0.42843392678679887,0.14067319023992328,0.8078244813798753,1.2675869811183884,1.5041937656558424,-0.36292091269795124,0.4554629384831148,0.10908529300369871,-0.10046921125552812,0.07431780273808508,0.4715538377046968,1.7986568589310552,-7.968735776944019,-20.77336089775469,1.0,-0.4245786964893341,6.663747920576668e-06,5.382156076372269e-07,0.0,0.0,0.0,1,0.11246224692644978,-1.4109893555816262,5.625964833634699,9.0,0.11246224692644978,0.1877431411640053,-3.989173500824647,-3.7184796242251927,0.0031107131435448338,0.0026930845046804998,0.0023427804118493997,0.015773708599860665,-0.12497527482616955,-0.4190842404797115,0.0,0.0,0.0,0.0,0.0,0.2108798929804046,-9.406595703877509,18.753216112115663,30.0,36.60890093424254,-1.5987324967456316,9.615138334459346,12.718479624225193,0.2108798929804046,-9.406595703877509,18.753216112115663,44.67671149531937,49.35808117876126,0.7300000000000004
0.0,0.0,0.0,0.0,0.0,0.0,0.0,0.0,0.0,0.0,0.0,0.0,0,0.0,-1.5707963267948966,nan,0.20063313365050944,-0.21182876286076024,-0.10291975844975762,0.020085460006638467,-1.5708024284880768,0.2231862826776879,-0.23675980308590794,2.3266941863223085,-0.10765053695807,1.2704360958234673,0.842895868709953,-0.8987170232492736,-0.30958381773734944,0.03394969164874348,0.02255314902717845,-0.024931040225147694,-0.004730778508312383,0.009108029142204684,0.005985256270534842,-0.006561020020236175,-0.0020213655100780846,10.781206481815737,10.211512152525664,-0.4694512163772752,-0.1460746312238106,-1.5708025913152117,2.329061310669552,-0.4925644090854451,0.8614019104892979,0.7981358318343962,0,zero,0,0.1460746312238106,0.16616009123044906,0.8149049665270449,1.3085436642056454,1.3852733942182596,-0.4276847895107805,0.15767563741015664,0.8125389165969865,1.290009971497826,1.4165604380938241,-0.5810915415152743,0.462753344077079,0.11083137586388048,-0.10207738008304651,0.07550737685934578,0.46952343531124313,2.4145025501911745,-8.81356567787533,-21.24861945766055,1.0,-0.8457624316215515,6.264520314935851e-06,1.6282713488635636e-07,0.0,0.0,0.0,1,0.2036352268007368,-3.9700784087925216,9.0,9.0,0.2036352268007368,-0.6787774295211328,-0.32564516474126864,0.39174571664103014,-0.0023601513087022756,0.002795007441280272,0.002340555318216238,0.02126415799860928,-0.15019052487538048,-0.4695428820247171,0.0,0.0,0.0,0.0,0.0,0.3818399152460844,-26.467189391950146,30.0,30.0,50.00657872750578,-3.291300979271389,9.32564516474127,8.60825428335897,0.3818399152460844,-26.467189391950146,54.30512631696996,101.4620671107191,118.08579814148848,0.7400000000000004
0.0,0.0,0.0,0.0,0.0,0.0,0.0,0.0,0.0,0.0,0.0,0.0,0,0.0,-1.5707963267948966,nan,0.19368313588839947,-0.20641339658033078,-0.09796547663582264,0.020758177574490944,-1.570802404165944,0.2221952109874269,-0.23792177085078056,2.3220305517784685,-0.1079049999329724,1.0290828214895622,0.5958926071848974,-0.6577334045302086,-0.5208744788837372,0.04364069430008996,0.028512075099027423,-0.03150837427044978,-0.009939523297149755,0.012758556586510568,0.007948719923597261,-0.008743427865584335,-0.004811557638304202,6.8885570380429995,6.463798560842821,-0.4647985414307763,-0.26567468548388495,-1.5708023601219163,2.3243920118271943,-1.0,0.861401911720964,0.7981358476871901,0,zero,0,0.26567468548388495,0.2864328630583759,0.8195685977524978,1.3096606235358248,1.3842446577147618,-0.42692382567339193,0.33003737004665296,0.8172087129206702,1.3121776761261492,1.3409882822552937,-0.7540960234519607,0.46995839823515945,0.11255701669551284,-0.10366672149187013,0.07668302420272954,0.46483836292224673,1.9267714495099926,-6.327102277254816,-13.846645757568561,1.0,-1.4383078813552856,6.033327019761003e-06,-4.40440279803056e-08,0.0,0.0,0.0,1,0.2656343858020421,-4.5,9.0,9.0,0.2656343858020421,-1.7793944666356165,2.8134314568755596,3.584090963966845,-0.004791558758953817,0.0027950074452766827,0.002340555364704993,0.019504087766094757,-0.11954196429795852,-0.3409446382351289,0.0,0.0,0.0,0.0,0.0,0.49809560435410105,-30.0,30.0,30.0,51.963911508190726,-2.7206055333643837,6.186568543124441,5.415909036033155,0.49809560435410105,-34.90427980896807,65.85836619065549,112.35726093149611,134.83336133741008,0.7500000000000004
0.0,0.0,0.0,0.0,0.0,0.0,0.0,0.0,0.0,0.0,0.0,0.0,0,0.0,-1.5707963267948966,nan,0.19132374294454565,-0.20579831266392146,-0.09536799368984494,0.021441224828932848,-1.5708023793608845,0.22118260228393016,-0.239097178290753,2.317295307239303,-0.10816336096398363,0.3629811552719503,0.1346784240357085,-0.17904913563817626,-0.2855843976988931,0.046519752329123934,0.029858859339384508,-0.03329886562683154,-0.012795367274138686,0.010651125310471011,0.006186054183526371,-0.007010205570630548,-0.0051025701244894715,0.6137751230280322,0.5706225852214426,-0.4615089753294184,-0.3101698247835498,-1.5708022465403246,2.319767149455426,-1.0,0.8614019117209679,0.798135847687164,0,zero,0,0.31016982478355004,0.33161104961248267,0.8243038389581501,1.3107947337580135,1.3832001249792971,-0.42615117724888796,0.4049403203626962,0.8218337106541265,1.3230038880069197,1.3054008590938995,-0.8233523508395816,0.4770747944963098,0.11426142358724238,-0.10523650611961778,0.07784420525360407,0.46150985843777076,0.4120171605017268,-1.4768301271053161,-1.9028619908178817,1.0,-1.6925957202911377,5.919745428073497e-06,-1.3282055988383945e-07,0.0,0.0,0.0,1,0.27184499972452364,-4.213325217748694,9.0,9.0,0.27184499972452364,-2.6568082642000426,4.990175813448292,5.627924417877812,-0.004791558758953817,0.0027950074452766953,0.0023405553647049162,0.010114915081664514,-0.046941258818184416,-0.10344809521721901,0.0,0.0,0.0,0.0,0.0,0.5097412333105638,-28.088834784991292,30.0,30.0,50.88459959264172,-1.5565169535486514,4.009824186551708,3.3720755821221884,0.5097412333105638,-28.088834784991292,50.76065750066457,82.371372652629,100.75182310152768,0.7600000000000005
0.0,0.0,0.0,0.0,0.0,0.0,0.0,0.0,0.0,0.0,0.0,0.0,0,0.0,-1.5707963267948966,nan,0.19422705644168434,-0.21086195726877577,-0.09766867737695206,0.022134471543638234,-1.5708023540732006,0.2201483834312592,-0.2402855656646129,2.3124893555457584,-0.10842557004175973,0.5888731471637944,-0.3937532349809647,0.3875257230994411,0.20384746093310147,0.040661710044392285,0.02592132698957486,-0.02942360839583713,-0.010756892664807671,0.0032786678651222823,0.0014963661627038181,-0.0020862731003603065,-0.0020391213371483193,-6.529131877912967,-6.014108603356892,-0.46187744357905236,-0.2604262451572499,-1.5708022174130953,2.3151574916069078,-0.9707979731056015,0.8614019117209679,0.7981358476871638,0,zero,0,0.2604262451572499,0.2825607167008881,0.8291097873055374,1.3119457786385946,1.3821399951663096,-0.4253669915532525,0.3407113773279531,0.8264431226738529,1.3158115381488487,1.3249846252347461,-0.7612173319309987,0.48409929187395995,0.11594382030912866,-0.10678601904672766,0.07899039118079505,0.4618367397009647,-1.4546856431103201,4.239188772409704,11.661389192664343,1.0,-1.2621643543243408,5.890618198556297e-06,-1.366601054542116e-07,0.0,0.0,0.0,0,0.23307673578514676,-1.659180611494392,4.286770517562244,7.690426584160812,0.23307673578514676,-2.8017516960984667,5.45181974352064,6.520458086442134,-0.004651635531208757,0.0027950074452766953,0.002340555364704916,-0.012377570644236335,0.05560694856099641,0.1966800035104669,0.0,0.0,0.0,0.0,0.0,0.4370461949843367,-11.06120407662928,14.289235058540815,25.63475528053604,31.366609026998646,1.1425710846040746,-1.1650492259583958,1.1699684977186777,0.4370461949843367,-11.06120407662928,14.289235058540815,25.63475528053604,31.366609026998646,0.7700000000000005
0.0,0.0,0.0,0.0,0.0,0.0,0.0,0.0,0.0,0.0,0.0,0.0,0,0.0,-1.5707963267948966,nan,0.2020628803752149,-0.22142759092347217,-0.10233102151466053,0.022837782864490563,-1.5708023283034256,0.21909249095447536,-0.24148646272281843,2.307613631621313,-0.10869157537816329,1.364143346935976,-0.8891716410314388,0.9364736596490869,0.4396338801304911,0.02707069669946433,0.017029610579260474,-0.020058871799346262,-0.00636055386350276,0.007081242401378823,-0.004921522978309629,0.004843736150910251,0.0015687018905517994,-11.719742385670154,-10.694910859037533,-0.46997900536529086,-0.12490931055105903,-1.5708023438989438,2.3105033953953056,0.018694855918413966,-0.8617348960798237,-0.7987530047644307,0,zero,0,0.12490931055105925,0.1477470934155498,0.8339855078737023,1.313113534260059,1.3810644745072254,-0.4245714211373638,0.1563726810409971,0.8310966087967215,1.2936414442130064,1.393667815560202,-0.5791872778325109,0.49102871485601607,0.11760344631264415,-0.10831455979645743,0.08012106383658632,0.469902313295859,-2.5444357458296802,8.136865504391618,21.458543136085982,1.0,-0.6006696224212646,6.0171040470180515e-06,1.559551821017635e-08,0.0,0.0,0.0,1,0.1731081970918688,0.9618541391274079,-9.0,-9.0,0.1731081970918688,-2.1178539358988675,2.5671161874370245,3.6775454875672313,8.957750062325604e-05,-0.0027960878860668757,-0.0023423651948387813,-0.021740509033922266,0.1295724982244263,0.43402683322730884,0.0,0.0,0.0,0.0,0.0,0.3245981569320623,6.412360927516053,-30.0,-30.0,42.90948306176874,3.0797080750262755,-11.567116187437025,-12.677545487567231,0.3245981569320623,6.412360927516053,-33.14702199111895,-44.68769789178607,56.0083846078021,0.7800000000000005
0.0,0.0,0.0,0.0,0.0,0.0,0.0,0.0,0.0,0.0,0.0,0.0,0,0.0,-1.5707963267948966,nan,0.2114805675946599,-0.23399015450370006,-0.10368135510044277,0.02355101940401738,-1.5708023020523267,0.2180148713562989,-0.24269938912419456,2.3026691018172247,-0.10896132344217002,1.5496238071140265,-1.049530681762148,1.1349637178851761,0.10805855217755067,0.012100659445411706,0.006534303761638993,-0.0087092346204945,-0.005279968341727254,0.01498344374168136,-0.010259728011919163,0.010776509059123973,0.0017630711784243115,-11.939976553049636,-10.791463040719632,-0.48743585857575017,0.04053247117129333,-1.5708026735256952,2.3057095441867106,0.9408840477949516,-0.8614019117050729,-0.7981358345416341,0,zero,0,-0.04053247117129333,-0.016981451767275946,0.8389300343139388,1.3142977691778202,1.379973776166023,-0.42376462368016005,0.12863618204315602,0.8358896328803037,1.2685658757249771,1.478114518966514,-0.3543743375188535,0.49785995340486067,0.11923955673067436,-0.10982144233488426,0.0812357157567198,0.4873502430328319,-2.3385990947977766,8.155734648858164,21.91119631944729,1.0,-0.21681080758571625,6.346730798689748e-06,3.7147336851006685e-07,0.0,0.0,0.0,1,0.10556625615239493,2.222874820836199,-9.0,-9.0,0.10556625615239493,-0.9917264597616268,-1.0616817722290022,-0.43398770304323375,0.004508301200371822,-0.00279500744522512,-0.0023405553261552875,-0.021895828805107816,0.14213383872946872,0.483497256496033,0.0,0.0,0.0,0.0,0.0,0.19794910210462202,14.819165472241327,-30.0,-30.0,44.940481185015074,3.214601280597826,-7.938318227770997,-8.566012296956766,0.19794910210462202,14.819165472241327,-68.95621046648264,-101.03821410283554,123.22064161547357,0.7900000000000005
0.0,0.0,0.0,0.0,0.0,0.0,0.0,0.0,0.0,0.0,0.0,0.0,0,0.0,-1.5707963267948966,nan,0.21839715484125105,-0.2440808534292328,-0.10115601809348068,0.024274037335831,-1.5708022753209157,0.2169154814312418,-0.24392385486268434,2.297656763257788,-0.10923475899585641,1.2275956532574008,-0.8015977171648231,0.8866233187042966,-0.2798772560648477,0.00821498990940009,-0.0014816734100092377,0.00015699856654846633,-0.00807874090237573,0.01786823750938625,-0.012162277646660509,0.013072025541015931,-0.0006892477003276731,-7.923083572747525,-7.089426629895485,-0.5076415612412992,0.17230439702560196,-1.5708030654939507,2.300717297503718,1.0,-0.8614019117209625,-0.7981358476871873,0,zero,0,-0.17230439702560219,-0.14803035968977074,0.8439423695045367,1.3154982445770262,1.378868120094807,-0.42294676188180463,0.30460057983689254,0.8408811077794176,1.2504656732986954,1.5436440396267974,-0.1751730689098967,0.504589962957352,0.1208514223775176,-0.11130599507090462,0.08233385016039538,0.5075804408434292,-1.40351334503478,5.185223052893283,14.41351463993536,1.0,-0.3103809952735901,6.7386990538764735e-06,7.901730350035052e-07,0.0,0.0,0.0,1,0.03948630810324647,2.2623043006213615,-9.0,-9.0,0.03948630810324647,0.06066456618360561,-3.824067402299956,-3.618089919425575,0.004791558758953817,-0.002795007445276678,-0.0023405553647049848,-0.016006750711756515,0.10164101743205076,0.35360406469798816,0.0,0.0,0.0,0.0,0.0,0.07404145528454242,15.082028670809077,-30.0,-30.0,45.027470181703606,2.2016397344377556,-5.175932597700044,-5.381910080574425,0.07404145528454242,15.082028670809077,-73.65133732462549,-112.07168953385701,134.95205132061986,0.8000000000000005
0.0,0.0,0.0,0.0,0.0,0.0,0.0,0.0,0.0,0.0,0.0,0.0,0,0.0,-1.5707963267948966,nan,0.22067350241482367,-0.24921133134827572,-0.09900334463420402,0.025006688489065176,-1.5708022481104453,0.21579428857634017,-0.24515936070402602,2.292577643185583,-0.10951182513046573,0.5711192777632929,-0.33975404284742605,0.3894972077701231,-0.24297395938859823,0.012274092883949633,-0.004879213838483498,0.004051970644249697,-0.010508480496261713,0.015460481859848448,-0.010354885114445461,0.011291347381474075,-0.002075651202928205,-1.4017563116689429,-1.2412417432488496,-0.524483322412864,0.22780277356128154,-1.5708032412339918,2.2955356103403037,1.0,-0.8614019117209678,-0.798135847687164,0,zero,0,-0.2278027735612813,-0.20279608507221614,0.8490214862055274,1.3167147144293765,1.3777477328893786,-0.42211800335685185,0.3803160257353244,0.8460624328980546,1.2433651682547526,1.5688302232639673,-0.10158898847230594,0.5112157644248245,0.12243832974888513,-0.11276756085623439,0.08341498095027103,0.5244715800581188,-0.22893114488822164,0.5946223028795354,2.2380189571696674,1.0,-0.47597768902778625,6.914439095062619e-06,9.931235465110433e-07,0.0,0.0,0.0,1,0.011445168093187151,1.674300152420918,-9.0,-9.0,0.011445168093187151,0.7545658285578444,-5.660650256712482,-5.6501456133145815,0.004791558758953817,-0.002795007445276695,-0.0023405553647049162,-0.00800638644749058,0.030929389868013676,0.11155841916263984,0.0,0.0,0.0,0.0,0.0,0.021461031489193982,11.162001016139454,-30.0,-30.0,43.870157593290806,0.9197343238630736,-3.339349743287518,-3.3498543866854185,0.021461031489193982,11.162001016139454,-53.407248594997725,-81.48145677435247,98.0619841111668,0.8100000000000005
0.0,0.0,0.0,0.0,0.0,0.0,0.0,0.0,0.0,0.0,0.0,0.0,0,0.0,-1.5707963267948966,nan,0.21775905198506995,-0.24857370606605148,-0.10015389553893328,0.025748820442811793,-1.570802220422421,0.21465127109762167,-0.24640539863218566,2.2874327983067295,-0.10979246330255812,0.2728169707435882,0.17714329510352123,-0.18836632103838846,0.08699127326368683,0.010356729585449967,-0.003107780887448286,0.0021683074338658126,-0.009638567763624845,0.008512899646451102,-0.005712191531306298,0.0062607087251424845,-0.0008024054829976444,5.954572418814431,5.2164655838072225,-0.5358355891052059,0.1877580890924473,-1.5708030148720789,2.290212452019506,1.0,-0.8614019117209679,-0.7981358476871638,0,zero,0,-0.1877580890924473,-0.16200926864963527,0.8541663277134276,1.3179469256499339,1.3766128476448076,-0.4212785205274119,0.3168399738456592,0.8513858564097241,1.2487094693379217,1.5438653217546654,-0.16125424751925435,0.5177344441930893,0.12399958102190133,-0.11420549698540908,0.08447863271246289,0.5358787803782533,1.0570123831751719,-4.568128785830005,-11.427454243184442,1.0,-0.30618971586227417,6.6880771822930285e-06,7.944496580591931e-07,0.0,0.0,0.0,0,0.050560876307117926,0.39560041909987737,-5.481222733608861,-7.029211217588897,0.050560876307117926,0.9187939179525222,-6.119826919501257,-6.409546425141256,0.004791558758953817,-0.0027950074452766953,-0.002340555364704916,0.010224847287360797,-0.062453680497562176,-0.1919690285017542,0.0,0.0,0.0,0.0,0.0,0.09480756854888042,2.637336127332516,-18.27074244536287,-23.430704058629658,29.82922145332419,-0.5231934988526448,0.6386041858923965,-0.619664792447641,0.09480756854888042,2.637336127332516,-18.27074244536287,-23.430704058629658,29.82922145332419,0.8200000000000005
0.0,0.0,0.0,0.0,0.0,0.0,0.0,0.0,0.0,0.0,0.0,0.0,0,0.0,-1.5707963267948966,nan,0.21010722851732352,-0.2424678909765547,-0.10244924783813084,0.026500276620561092,-1.5708021922585982,0.21348641851144692,-0.24766145230535722,2.2822233141361385,-0.11007661337024316,1.0016128858653512,0.6486970881571685,-0.7361868762668339,0.2011202231512521,0.009826937938792118,0.0033791899941233994,-0.005193561328802526,-0.0076273655321123235,0.001204153452332869,0.0005156070027491819,-0.0007328097042098554,0.0008044407329922051,11.116709364194099,9.63313693897772,-0.5398052653241933,0.06284699770554614,-1.5708025162528358,2.284814514153404,0.3051183482099151,0.8595744834708797,0.7985882816494053,0,zero,0,-0.06284699770554614,-0.036346721084985045,0.8593758085159845,1.3191946182539394,1.3754637038110045,-0.42042849051631664,0.13689989413699052,0.8567845105805602,1.2668636022192377,1.472530494498262,-0.33934600722811803,0.5241431541224334,0.1255344940551033,-0.11561917519578346,0.0855243407165451,0.5398783113828642,2.277608743591508,-8.472921809261214,-20.905121968508904,1.0,-0.18490220606327057,6.189457939065335e-06,3.239942376609406e-07,0.0,0.0,0.0,1,0.14702955633735568,-1.8371599407674024,7.333442201393424,9.0,0.14702955633735568,0.4523033660017817,-3.4662965579549163,-3.5221410704970486,0.0014619924938827395,0.002789077953485226,0.0023418821397652866,0.01911410146424003,-0.13392242389918566,-0.42430957727435753,0.0,0.0,0.0,0.0,0.0,0.2756976492356191,-12.24773293844935,24.444807337978084,30.0,40.59102828355348,-2.2894633067691843,10.79973875934834,12.52214107049705,0.2756976492356191,-12.24773293844935,24.444807337978084,47.26910799355108,54.60769311756571,0.8300000000000005
0.0,0.0,0.0,0.0,0.0,0.0,0.0,0.0,0.0,0.0,0.0,0.0,0,0.0,-1.5707963267948966,nan,0.20082248797887606,-0.23429387882753835,-0.1018108903436202,0.02726089638463458,-1.5708021636209915,0.21229973183987083,-0.24892699752130415,2.276950304342765,-0.11036421362950086,1.2471612463468644,0.8098053866871374,-0.9439557364963269,-0.09259577537683306,0.02046984681387158,0.011477243860994774,-0.014633118693765795,-0.008553323285880654,0.008870917960977177,0.0057322950878358975,-0.0067695966517490064,-8.086821989244583e-05,11.14304736471313,9.551255557832565,-0.5369252010479244,-0.08938217480683153,-1.5708020705185302,2.2794238732768304,-0.8398640480155817,0.861401911714559,0.7981358414107232,0,zero,0,0.08938217480683175,0.11664307119146589,0.8646488149469208,1.3204575255136273,1.374300547048292,-0.41956809504028497,0.13883081417942625,0.8621758550967958,1.2937045057955199,1.3816910007447736,-0.5555737440605546,0.5304391115476194,0.12704240238844114,-0.11700798166753171,0.08655165091554981,0.5369887413924186,2.817618448575881,-9.000187841841631,-20.858873830759812,1.0,-0.40040454268455505,5.743723633599984e-06,-9.310246129601296e-08,0.0,0.0,0.0,1,0.2511528432918891,-4.5,9.0,9.0,0.2511528432918891,-0.6575488706911642,0.25046922966453783,0.5393171532371077,-0.004024257935599469,0.0027950074452559003,0.002340555346299081,0.02423779727379806,-0.15432647799358387,-0.4631940959993696,0.0,0.0,0.0,0.0,0.0,0.4709410149857286,-30.0,30.0,30.0,51.96365831462981,-3.8424511293088357,8.749530770335463,8.460682846762893,0.4709410149857286,-30.09222917407113,59.56158995439231,101.56899423897434,121.53027454390278,0.8400000000000005
0.0,0.0,0.0,0.0,0.0,0.0,0.0,0.0,0.0,0.0,0.0,0.0,0,0.0,-1.5707963267948966,nan,0.1936407159454392,-0.22837261398437625,-0.09893985667969868,0.028030515130626155,-1.570802134511875,0.21109122389917861,-0.25020150269179664,2.2716149100948604,-0.11065520085058564,0.9872049740975747,0.5973264092744651,-0.7195770013654595,-0.3162020885006306,0.030302968486384356,0.017450507953739425,-0.02182888870742039,-0.01171534417088696,0.012317260030510544,0.0077899188750125605,-0.009293795512458656,-0.002158106473865223,6.972643013838569,5.9122889185502645,-0.5319946588211006,-0.20633870792842335,-1.5708018108589643,2.274083423285074,-1.0,0.8614019117209677,0.7981358476871767,0,zero,0,0.20633870792842313,0.2343692230590495,0.8699842058406789,1.3217353741150375,1.3731236290829774,-0.418697520303088,0.31099910058400415,0.8675167430379132,1.3191092354271323,1.3063862596407736,-0.7224302631987185,0.536619599277887,0.128522655243278,-0.11837131702364757,0.08756011994596734,0.5320293570894784,2.1965178224059754,-6.160274988794565,-13.105576713763487,1.0,-0.854090690612793,5.484064067751149e-06,-3.2365291069424984e-07,0.0,0.0,0.0,1,0.2997745082237584,-4.5,9.0,9.0,0.2997745082237584,-1.8638641946234629,3.251194090839773,3.68133583265608,-0.004791558758953817,0.002795007445276695,0.0023405553647049535,0.021575273917270543,-0.11796523160406919,-0.32651046666730354,0.0,0.0,0.0,0.0,0.0,0.5621123349404807,-30.0,30.0,30.0,51.964564563528214,-2.6361358053765374,5.748805909160227,5.31866416734392,0.5621123349404807,-37.76801425958345,68.80093904639499,109.80012440808864,134.9680532759019,0.8500000000000005
0.0,0.0,0.0,0.0,0.0,0.0,0.0,0.0,0.0,0.0,0.0,0.0,0,0.0,-1.5707963267948966,nan,0.19068154183788347,-0.22731119447026124,-0.09790311970824989,0.028808964381835445,-1.5708021049337881,0.20986091958076422,-0.2514844293258579,2.2662182994052222,-0.11094951031452085,0.32025980427495104,0.17288697891413296,-0.2344346148176274,-0.1331046435384009,0.033502270398278064,0.019179377742880754,-0.024173234855596665,-0.013046390606270969,0.01027157522286202,0.006334647524157869,-0.007745053268591793,-0.002321992284713522,0.4069233370331648,0.3413601860318988,-0.5284036257793944,-0.24769728275903757,-1.5708017070106912,2.2687901906237147,-1.0,0.8614019117209679,0.798135847687164,0,zero,0,0.24769728275903757,0.276506247140873,0.8753808131871663,1.3230278843148313,1.3719332075629234,-0.4178169568887148,0.37808741432058884,0.8728101004229835,1.331902386333468,1.2743929226869721,-0.7829889990055123,0.5426819655969514,0.12997461752238976,-0.1197085963299441,0.08854931512774597,0.5284047754900312,0.5638489265113333,-0.9962765844372636,-0.963568626580162,1.0,-1.064612627029419,5.380215794659193e-06,-3.979230971395964e-07,0.0,0.0,0.0,1,0.2794853250300502,-4.483550330280854,9.0,9.0,0.2794853250300502,-2.7929720197966494,5.279736636087944,5.679626875165927,-0.004791558758953817,0.0027950074452766953,0.0023405553647049162,0.011323592944703698,-0.04007558365893612,-0.08429486203503186,0.0,0.0,0.0,0.0,0.0,0.5240677386650107,-29.890335535205697,30.0,30.0,51.900932606282616,-1.690578310484205,3.720263363912056,3.320373124834073,0.5240677386650107,-29.890335535205697,50.74691650391187,77.83696975711052,97.60917068096742,0.8600000000000005
0.0,0.0,0.0,0.0,0.0,0.0,0.0,0.0,0.0,0.0,0.0,0.0,0,0.0,-1.5707963267948966,nan,0.1925706494410225,-0.23203773959531065,-0.100813862642364,0.02959607188370894,-1.5708020748895375,0.20860885612352995,-0.2527752325215152,2.260761666476449,-0.11124707584967974,0.5338536724077154,-0.31411710603733156,0.3435741929392139,0.2613177398955224,0.028215591864862884,0.01603820668250744,-0.020737492926204526,-0.010433213207315745,0.003574687659031122,0.002125222913179091,-0.0028677985580755593,0.00019378044077699753,-6.824446839831715,-5.663744498816531,-0.5284010251187092,-0.19630510105207755,-1.5708017399365217,2.2635156331521338,-0.9763008298680145,0.7555935447338576,0.7981358476871638,0,zero,0,0.19630510105207755,0.2259011729357865,0.8808374427864997,1.3243347700971044,1.3707295459131206,-0.4169265996545376,0.30373632205970064,0.8780844659467233,1.325822438308111,1.2998171524544557,-0.7122525107326739,0.5486236242630044,0.13139766980996548,-0.12101924909505388,0.08951881446429218,0.5283665945244725,-1.3576760410967534,4.848374293683367,12.359244942166027,1.0,-0.723649263381958,5.413141625165707e-06,-3.3495301554609114e-07,0.0,0.0,0.0,0,0.21285806585178516,-1.826889533642964,3.4298282526749695,5.925542726250827,0.21285806585178516,-2.9658616935184177,5.467029793836734,6.214158758768265,-0.0046780027927279645,0.002451688990235538,0.002340555364704916,-0.011678028954338315,0.06554115851544896,0.21385865532157539,0.0,0.0,0.0,0.0,0.0,0.39913381933580566,-12.17926355761976,11.432760842249898,19.751809087502757,25.871523946550607,1.1389721598754536,-2.0372015411617648,-0.2886160325174387,0.39913381933580566,-12.17926355761976,11.432760842249898,19.751809087502757,25.871523946550607,0.8700000000000006
0.0,0.0,0.0,0.0,0.0,0.0,0.0,0.0,0.0,0.0,0.0,0.0,0,0.0,-1.5707963267948966,nan,0.1986061193276295,-0.24191437871207877,-0.10489572993561794,0.030391661698272232,-1.5708020443822004,0.20733508337699855,-0.25407336146570864,2.255246231046192,-0.11154782986845649,1.1887501093395638,-0.7309242633138396,0.857851017257466,0.37811132744771936,0.016379441641726264,0.008728964049369042,-0.012158982753629866,-0.006652099932838551,0.0057742831555183186,-0.0034499072143382627,0.0038004147866205276,0.0026452473650294874,-11.72708442083679,-9.627767738854821,-0.5358642130188777,-0.06494594029795286,-1.570801960656036,2.2582009343270872,0.007347776286962315,-0.8615453426265917,-0.7984044005837239,0,zero,0,0.06494594029795309,0.0953376019962251,0.8863528749037504,1.3256557393302018,1.3695129131912593,-0.4160266476244772,0.11404735386576527,0.883398657326906,1.3046372923555958,1.3739000078441395,-0.527995615689625,0.5544420545087133,0.1327912083716069,-0.12230271927042875,0.09046820664247031,0.5357991538317605,-2.4447814913141155,8.61231776543594,21.3404890664315,1.0,-0.29205384850502014,5.633861139386909e-06,-8.372616466800764e-08,0.0,0.0,0.0,1,0.12870185444948606,0.8119471330249081,-9.0,-9.0,0.12870185444948606,-2.2871968520820443,2.466627395580149,3.246884523873888,3.5207301826627436e-05,-0.002795472838310593,-0.0023413429034736255,-0.021042020746837576,0.13788184119135377,0.4351607863666888,0.0,0.0,0.0,0.0,0.0,0.2413310602840541,5.41298088683272,-30.0,-30.0,42.77100189102278,3.099143985106952,-11.466627395580149,-12.246884523873888,0.2413310602840541,5.41298088683272,-37.32781280989507,-49.73959763490406,62.42396803163505,0.8800000000000006
0.0,0.0,0.0,0.0,0.0,0.0,0.0,0.0,0.0,0.0,0.0,0.0,0,0.0,-1.5707963267948966,nan,0.20546304313553432,-0.25306235541469957,-0.1053355631088237,0.031195554298569128,-1.5708020134151282,0.2060396640543546,-0.25537825994199265,2.2496732377324036,-0.11185170340402459,1.2781446417016256,-0.8152343130548773,0.9843078226336788,0.013595963763765595,0.006939451693779453,0.0005766209188202698,-0.002315904527293078,-0.006516140295200895,0.012061555475987999,-0.007721167998893837,0.009079592192319942,0.0018508621921570923,-11.522256204081437,-9.355091407683508,-0.5518007054040408,0.09001511253058991,-1.5708023690350483,2.2527571813760603,0.9414097007807385,-0.8614019117105478,-0.7981358459593461,0,zero,0,-0.09001511253058991,-0.058819558232020785,0.8919258649236884,1.3269904939235313,1.3682835839433016,-0.4151173038821687,0.14905622776175043,0.8888416978122715,1.280423799669353,1.462068929586975,-0.3090791085159411,0.5601348010412228,0.13415464515432907,-0.12355846525034031,0.09139709103260307,0.5517290904020972,-2.2678844412485497,8.46662121555249,21.040576253069865,1.0,-0.15321077406406403,6.042240151771239e-06,3.556199201781851e-07,0.0,0.0,0.0,1,0.04531536801316371,2.104137066142844,-9.0,-9.0,0.04531536801316371,-1.1525616753192183,-1.155603530956287,-0.7593141129478684,0.00451081989754004,-0.002795007445242885,-0.0023405553596380427,-0.02133393795319083,0.14763040970313682,0.46783322077637,0.0,0.0,0.0,0.0,0.0,0.08497162575129141,14.027580440952292,-30.0,-30.0,44.68534696300981,3.256698741462062,-7.844396469043713,-8.240685887052132,0.08497162575129141,14.027580440952292,-72.16491016994085,-102.08563019107787,125.80155159833964,0.8900000000000006
0.0,0.0,0.0,0.0,0.0,0.0,0.0,0.0,0.0,0.0,0.0,0.0,0,0.0,-1.5707963267948966,nan,0.20959141948765692,-0.26113430055137976,-0.10253842885928013,0.032007566663099896,-1.5708019819919479,0.2047226739746366,-0.25668936684562593,2.2440439553785962,-0.1121586261471858,0.9219333978352483,-0.5445366431840598,0.6760838233046906,-0.31040569927047734,0.01166234600658588,-0.004868745513020328,0.0044449337057538285,-0.009620197287905669,0.013733073696386936,-0.008762181583827083,0.010541629498879566,-0.0008339871406612982,-7.068189426938663,-5.673119182762386,-0.5699218413149802,0.20717497182021938,-1.570802794632548,2.2471329763070234,1.0,-0.8614019117209637,-0.798135847687163,0,zero,0,-0.20717497182021916,-0.17516740515711948,0.8975551440055278,1.3283387299843779,1.3670418380590519,-0.4141987754641264,0.3243603701729632,0.894465250621122,1.26267460572628,1.5301121989666238,-0.14162514783939437,0.5656994740421524,0.1354874077865595,-0.1247859598718792,0.09230507768847092,0.569874557438801,-1.3928548194424462,5.407427057021232,13.07788457566965,1.0,-0.3867361843585968,6.467837651236152e-06,8.126406001451869e-07,0.0,0.0,0.0,1,-0.02146511886573312,2.2414175594710444,-9.0,-9.0,-0.02146511886573312,-0.05951133084833574,-3.8920226613500675,-3.828956447391336,0.004791558758953817,-0.002795007445276682,-0.002340555364704913,-0.015850608012518898,0.10545717522960933,0.3269005196896196,0.0,0.0,0.0,0.0,0.0,-0.04024961347409173,14.942783729806964,-30.0,-30.0,44.98097826445272,2.3009288903193803,-5.107977338649933,-5.171043552608664,-0.04024961347409173,14.942783729806964,-75.77187028610129,-109.09760703192694,133.66732058500193,0.9000000000000006
0.0,0.0,0.0,0.0,0.0,0.0,0.0,0.0,0.0,0.0,0.0,0.0,0,0.0,-1.5707963267948966,nan,0.2093255329283756,-0.26392065851776464,-0.10088291146132819,0.03282751237025283,-1.570801950116567,0.20338420229333137,-0.25800611670562074,2.2383596763990843,-0.11246852648330699,0.2678255719636126,-0.10725851220239058,0.14696081063900746,-0.19654177340731327,0.014300618518092651,-0.005941330635044234,0.005914541812143903,-0.011585615021978801,0.010497632929986409,-0.006544927381201286,0.00799334445199141,-0.0018629726727343206,-0.1506605960891701,-0.11949543507281188,-0.5847685304929822,0.2461888743215268,-1.5708029609120815,2.2413394149206796,1.0,-0.8614019117209679,-0.7981358476871638,0,zero,0,-0.2461888743215268,-0.2133613619512742,0.9032394197376715,1.3297001379747178,1.3657879606277303,-0.41327127325290974,0.3892009674615002,0.9002585742115623,1.2553750091702847,1.5573050474053318,-0.0827179669113421,0.5711337491675982,0.13678893957813898,-0.1259846904149557,0.09319178734731255,0.5847685268640577,-0.2646092191023497,0.7843189673666837,0.7120084765745873,1.0,-0.5267117023468018,6.6341171849337854e-06,1.0107955144000869e-06,0.0,0.0,0.0,1,-0.036632613404591445,1.7358859849078934,-9.0,-9.0,-0.036632613404591445,0.6708693377465511,-5.706492228502404,-5.76791604724723,0.004791558758953817,-0.0027950074452766953,-0.002340555364704916,-0.008212657030078337,0.03409435810417806,0.07984895328167167,0.0,0.0,0.0,0.0,0.0,-0.06869044328631435,11.57257323271929,-30.0,-30.0,43.97646154027913,1.0650166471613423,-3.2935077714975964,-3.2320839527527703,-0.06869044328631435,11.57257323271929,-55.130734844002355,-75.72203727764169,94.37771995296296,0.9100000000000006
0.0,0.0,0.0,0.0,0.0,0.0,0.0,0.0,0.0,0.0,0.0,0.0,0,0.0,-1.5707963267948966,nan,0.20438812582274998,-0.260851498866138,-0.10275794099746333,0.03365520169274516,-1.5708019177931722,0.20202435172064356,-0.2593279402132919,2.2326217161242465,-0.1127813315293445,0.587538843048388,0.35775565329378145,-0.4390983159297812,0.156222449009763,0.010410428268282545,-0.0023637741021064196,0.001523558652846091,-0.010023390531881171,0.0031123786375375287,-0.0019747521518150325,0.002397331199275244,-0.00020014455596738777,7.283924033635433,5.707318031713939,-0.5945243726141927,0.19075432636541567,-1.5708027174482746,2.235421858929391,1.0,-0.8614019117209679,-0.7981358476871638,0,zero,0,-0.19075432636541567,-0.1570991246726705,0.9089773767924552,1.3310744028680335,1.3645222417935434,-0.4123350118702883,0.3153021694096347,0.9061764913197148,1.2603544815915362,1.5342594220059835,-0.15621864093089247,0.5764353675481332,0.13805869952032115,-0.12715415860229956,0.09405685142982476,0.5945741047640194,1.0286692838702645,-4.3628473321675045,-12.587770787557886,1.0,-0.30507156252861023,6.390653378041122e-06,7.996551021349774e-07,0.0,0.0,0.0,0,0.02080144018428562,0.48448621387350155,-5.975555178080392,-4.843188131002455,0.02080144018428562,0.886760717033677,-6.246755835696982,-6.060573338088051,0.004791558758953817,-0.0027950074452766953,-0.002340555364704916,0.009979680424304863,-0.05929028517814022,-0.2196510483041134,0.0,0.0,0.0,0.0,0.0,0.03900513816667095,3.2299080924900103,-19.918517260267976,-16.14396043667485,25.841993269004075,-0.40227450316017543,0.27120065761658996,1.217385207085596,0.03900513816667095,3.2299080924900103,-19.918517260267976,-16.14396043667485,25.841993269004075,0.9200000000000006
0.0,0.0,0.0,0.0,0.0,0.0,0.0,0.0,0.0,0.0,0.0,0.0,0,0.0,-1.5707963267948966,nan,0.1956912004758322,-0.2528518642901719,-0.1054627538638826,0.03449044169205928,-1.5708018850262335,0.20064323872672984,-0.2606542647568162,2.2268314121457706,-0.11309696717095555,1.209143464169222,0.7315812353004075,-0.9325959119490357,0.238917722480822,0.011986715509184903,0.004952038250897656,-0.007802400466644266,-0.007634213307072951,0.006001391137990697,0.003554415900339534,-0.00461092448305796,0.0014567767880164263,12.008568032451759,9.293965198289088,-0.5973030698720471,0.057572484480453046,-1.570802229249225,2.229443422434717,0.3533838385291798,0.8558979658244129,0.7982635248811799,0,zero,0,-0.057572484480453046,-0.023082042788393764,0.9147676775808931,1.3324612043061261,1.3632449766112564,-0.41139020957040756,0.13569624095782376,0.9121556641171045,1.2784989397972575,1.4653393684627967,-0.3401760511657209,0.5816021357888055,0.13929616228577257,-0.12829388059945981,0.09489991204016224,0.5973757126542233,2.295839262911399,-8.211384147258691,-21.1005181711563,1.0,-0.21860119700431824,5.9024543284103e-06,3.442229914440986e-07,0.0,0.0,0.0,1,0.13457144575505492,-1.7960366746136096,6.75903757254751,9.0,0.13457144575505492,0.4538381800122288,-3.723208431234836,-3.003363863182177,0.0016932594267772129,0.0027771486855619216,0.00234092978159431,0.01917687174687081,-0.12979968005946804,-0.4324581644874003,0.0,0.0,0.0,0.0,0.0,0.2523372318677197,-11.973577830757398,22.530125241825033,30.0,39.38320433332099,-2.2498748546258382,10.482246003782347,12.003363863182177,0.2523372318677197,-11.973577830757398,22.530125241825033,53.278486289593204,59.07312320226927,0.9300000000000006
0.0,0.0,0.0,0.0,0.0,0.0,0.0,0.0,0.0,0.0,0.0,0.0,0,0.0,-1.5707963267948966,nan,0.1863207313282751,-0.24373318836955754,-0.10516391133332068,0.0353330363128761,-1.5708018518205065,0.19924099373321988,-0.2619845149612853,2.220990123661908,-0.11341535809969788,1.3154985004927853,0.7968224154047132,-1.0448926125083469,-0.06172334593042561,0.023835487758988583,0.012920262404944788,-0.018251326591727735,-0.008251446766377207,0.012631587478995867,0.0076681882398710564,-0.010022162350163944,0.0005587067069444743,11.457035350591482,8.758382975041231,-0.5936558021435774,-0.09481158955670388,-1.5708018026125805,2.223481959619401,-0.8162223384037457,0.8614019118098122,0.7981358473420077,0,zero,0,0.09481158955670388,0.13014462586957976,0.920608962907422,1.333860216755931,1.361956464901765,-0.410437088132954,0.14655390609764543,0.9181177992635099,1.3057337891853578,1.3772332443123165,-0.5534313732604911,0.5866319259691399,0.14050081822857272,-0.12940338701480505,0.09572062196593792,0.5937153655433383,2.867105218509313,-8.723250997366867,-20.27740976495747,1.0,-0.49619877338409424,5.475817683731066e-06,-4.920792573415156e-08,0.0,0.0,0.0,1,0.2511764691278939,-4.5,9.0,9.0,0.2511764691278939,-0.6450043039610471,0.006936436544579372,0.9488246161157428,-0.0039109772948322345,0.00279500744556497,0.002340555363692736,0.024558742177248315,-0.1498477519866844,-0.4536417908015019,0.0,0.0,0.0,0.0,0.0,0.4709853161970633,-30.0,30.0,30.0,51.96365871614578,-3.854995696038953,8.99306356345542,8.051175383884257,0.4709853161970633,-30.011738907709198,57.02919927467147,102.99419036276267,121.49509915146274,0.9400000000000006
0.0,0.0,0.0,0.0,0.0,0.0,0.0,0.0,0.0,0.0,0.0,0.0,0,0.0,-1.5707963267948966,nan,0.17955621891985912,-0.23778137591535162,-0.10297291003297585,0.03618278647751305,-1.570801818181032,0.19781776129036832,-0.2633181132337059,2.215099230822723,-0.11373642785031088,0.9376405606160892,0.534127996556441,-0.7285410726626557,-0.2512071050957826,0.03318828405357258,0.0182615423705092,-0.02553673731835429,-0.010763517817335033,0.014467518700274105,0.00865765576543532,-0.011517996544344733,-0.001299942150431421,6.728667715178416,5.08109673213526,-0.5881379390592106,-0.206278956423825,-1.5708015506228914,2.217577813532073,-1.0,0.8614019117209691,0.7981358476871607,0,zero,0,0.20627895642382477,0.24246174290133826,0.9264998526246464,1.3352711096663314,1.3606570111076672,-0.4094758727563208,0.30725640245253977,0.9240223380477977,1.3317199091402865,1.3046012632415123,-0.7115445750006753,0.5915226756431372,0.14167217338421406,-0.13048222289952316,0.0965186446782227,0.5881680918483767,2.259876640846356,-5.903463332606528,-12.075221723652165,1.0,-0.9554855227470398,5.223827995060049e-06,-2.6755814053203153e-07,0.0,0.0,0.0,1,0.30386639007236754,-4.5,9.0,9.0,0.30386639007236754,-1.85158518895222,3.0643627312675994,3.948420892691569,-0.004791558758953817,0.002795007445276699,0.0023405553647049067,0.02199978844955836,-0.113677233890397,-0.30621675566632756,0.0,0.0,0.0,0.0,0.0,0.5697850929539988,-30.0,30.0,30.0,51.964648127858545,-2.64841481104778,5.935637268732401,5.051579107308431,0.5697850929539988,-37.58205680331555,66.09462444751485,107.23602823974106,131.45645964391542,0.9500000000000006
0.0,0.0,0.0,0.0,0.0,0.0,0.0,0.0,0.0,0.0,0.0,0.0,0,0.0,-1.5707963267948966,nan,0.17708662975741854,-0.23738629793842322,-0.10288307339905164,0.0370394901803639,-1.5708017841131352,0.19637370023921422,-0.26465448031237854,2.2091601340753506,-0.11406009883808133,0.20544095114663968,0.10255281112864778,-0.1731445055601022,-0.04135076216946476,0.03522031736673816,0.019287070481795676,-0.027268182373955313,-0.01117702543902968,0.010980518550530949,0.00644405070170696,-0.008817355378803453,-0.0011402816828618052,-0.3290055390637153,-0.2454295711356605,-0.5839146743103235,-0.23899891320844757,-1.5708014479393753,2.211727420957247,-1.0,0.8614019117209679,0.7981358476871637,0,zero,0,0.23899891320844757,0.27603840338881147,0.9324389462880835,1.3366935476249722,1.3593469241488347,-0.4085067919507731,0.3619650997826193,0.9298728148607645,1.3452598975975092,1.2749452552612806,-0.7603805255076883,0.5962723878392748,0.14280974946960198,-0.13152994774762164,0.0972936543315456,0.583912152602184,0.648372200631455,-0.7793694879043638,0.2794688194520272,1.0,-1.1083744764328003,5.121144478703599e-06,-3.361737599405501e-07,0.0,0.0,0.0,1,0.27906099241421906,-4.479392994551297,9.0,9.0,0.27906099241421906,-2.783232437277621,5.154272668761498,5.8353549716246755,-0.004791558758953817,0.0027950074452766953,0.0023405553647049154,0.01187448014196901,-0.036405917488113504,-0.058716937627571686,0.0,0.0,0.0,0.0,0.0,0.5232720652807408,-29.862619963675318,30.0,30.0,51.88496781100671,-1.696160557273676,3.8457273312385016,3.1646450283753245,0.5232720652807408,-29.862619963675318,48.10477952321242,72.68024054387526,92.13325709667302,0.9600000000000006
0.0,0.0,0.0,0.0,0.0,0.0,0.0,0.0,0.0,0.0,0.0,0.0,0,0.0,-1.5707963267948966,nan,0.17921082465370777,-0.24317616125419309,-0.10648896237474212,0.037902942582328514,-1.570801749622434,0.1949089838581499,-0.26599303582005035,2.20317425350924,-0.11438629239629194,0.6591724159170236,-0.3588911277353557,0.44513078080980484,0.32796954174798554,0.028799475495768098,0.01569815920444212,-0.022816874565857265,-0.007897330021549825,0.0037522762274360363,0.001900063392910033,-0.0029055558863574048,0.001423755941570978,-7.719183217951317,-5.6887823897339,-0.583251759229336,-0.17892606553691648,-1.5708014911366226,2.205902716242365,-0.9844614605263182,0.6685015242667669,0.7389820588747209,0,zero,0,0.17892606553691648,0.216829008119245,0.9384248238109073,1.3381271905150747,1.3580265172779855,-0.4075300774316135,0.27662198111013137,0.9356973051488331,1.3403388989308493,1.3018159169971315,-0.6783579892819093,0.6008791310605057,0.14391308388305482,-0.13254613549592725,0.09804533576389367,0.5832160573204924,-1.2133304868078263,4.915492328454773,13.29111816527422,1.0,-0.7117416858673096,5.164341725816257e-06,-2.584858114218491e-07,0.0,0.0,0.0,0,0.20159013294753483,-1.9245984063726405,2.6584960488251106,3.915731969330284,0.20159013294753483,-2.9757067811737064,5.236714431371934,5.922906013685235,-0.004717104934037347,0.0021690998267829263,0.0021670852491239745,-0.010784204369194323,0.0674243122049343,0.2364336678916853,0.0,0.0,0.0,0.0,0.0,0.3780051245969151,-12.83065604248427,8.861653496083703,13.052439897767615,20.338724451750853,1.051108374801066,-2.5782183825468232,-2.0071740443549513,0.3780051245969151,-12.83065604248427,8.861653496083703,13.052439897767615,20.338724451750853,0.9700000000000006
0.0,0.0,0.0,0.0,0.0,0.0,0.0,0.0,0.0,0.0,0.0,0.0,0,0.0,-1.5707963267948966,nan,0.18481139618929832,-0.25387544238884946,-0.11049787610851583,0.038772936105254896,-1.570801714714829,0.19342379999333717,-0.26733319882022627,2.197143028201413,-0.11471492881374457,1.2302254385864915,-0.7085755400403265,0.9359118134480454,0.368027731632109,0.0165247765784825,0.008612403804038854,-0.01345775643137681,-0.004217052705228735,0.006472405683996061,-0.0034510201030114145,0.0042947735851119676,0.0033966771173398426,-12.261178092631408,-8.92575371803664,-0.5897844182042228,-0.04462718601083604,-1.5708017309820486,2.20004543560884,-0.071769010736592,-0.8614957447211335,-0.7981735843244496,0,zero,0,0.04462718601083626,0.08340012211609071,0.9444560461186939,1.3395716936722502,1.3566961079362547,-0.4065459640123474,0.08773027785514484,0.9415540875509191,1.3210380479122639,1.3748801026672994,-0.49029574968058964,0.6053410392842593,0.14498172970430384,-0.13353037452408628,0.09877338449671204,0.5897220659846315,-2.234696998267954,8.399207661824379,21.330447660326044,1.0,-0.284551203250885,5.4041871520027485e-06,1.6267219571375335e-08,0.0,0.0,0.0,1,0.10418912002816924,0.5502133851898852,-9.0,-9.0,0.10418912002816924,-2.3510819784988364,2.226804457075057,2.789063703604438,-0.00034388543201636793,-0.002795311907027368,-0.0023406660284335293,-0.01962716754511888,0.13528158455576364,0.4390746557852756,0.0,0.0,0.0,0.0,0.0,0.19536681047847224,3.6680892345992344,-30.0,-30.0,42.585127061259534,2.9012953636887215,-11.226804457075056,-11.789063703604437,0.19536681047847224,3.6680892345992344,-38.89559449537776,-55.330233221753396,67.73326380993392,0.9800000000000006
0.0,0.0,0.0,0.0,0.0,0.0,0.0,0.0,0.0,0.0,0.0,0.0,0,0.0,-1.5707963267948966,nan,0.19066136163224273,-0.2652255711551497,-0.11053737588433982,0.03964926052637274,-1.5708016793965114,0.19191835117243797,-0.26867438837598473,2.1910679155617117,-0.11504592737236571,1.2424409629976287,-0.7355414263843618,1.00089392105418,-0.029149878279716157,0.005813897096360486,0.0012569895401952358,-0.00344881722083501,-0.004508551488025897,0.012107825483036684,-0.007191561355360502,0.009518961082566219,0.0020664614945233584,-11.530157142045075,-8.288709452294036,-0.6038736618707854,0.10626355057905901,-1.5708021439486552,2.1940729925437266,0.8858257718518158,-0.8614019117185584,-0.7981358476504287,0,zero,0,-0.10626355057905901,-0.06661429005268626,0.9505311558041656,1.3410267080413147,1.3553560176087673,-0.40555468949784845,0.1710178859308026,0.9475258577838171,1.298891291080326,1.4596564622801553,-0.2767753845963067,0.6096563119624409,0.14601525569449314,-0.13448226765456436,0.09947750673490384,0.603807962396422,-2.0756696444035176,8.061641810459065,20.186229263628693,1.0,-0.15446442365646362,5.817153758691518e-06,4.6455214386398325e-07,0.0,0.0,0.0,1,0.01262893446073563,1.7777767561857714,-9.0,-9.0,0.01262893446073563,-1.2888404332223977,-1.3295740697387979,-1.1206890421869633,0.0042444862360235935,-0.0027950074452688773,-0.002340555364597189,-0.01991597216773169,0.14147903299936526,0.4528636948242993,0.0,0.0,0.0,0.0,0.0,0.023680732159639284,11.851845041238477,-30.0,-30.0,44.05072975171473,3.066617189408169,-7.670425930261202,-7.879310957813036,0.023680732159639284,11.851845041238477,-71.32660510844201,-103.0817234156475,125.91184650498253,0.9900000000000007
0.0,0.0,0.0,0.0,0.0,0.0,0.0,0.0,0.0,0.0,0.0,0.0,0,0.0,-1.5707963267948966,nan,0.19368113743943619,-0.2729411821372233,-0.10764354789605995,0.04053170307273324,-1.5708016436739611,0.19039285470116538,-0.27001602411063114,2.184950390678054,-0.11537920638488056,0.8467660841978988,-0.4545272278466045,0.6373975247427166,-0.32271070007947045,0.00889998680353002,-0.003288282738270809,0.002925158026592156,-0.0077356584888206015,0.013170724826796196,-0.007810731674289239,0.010576571591879143,-0.0007723966191637548,-6.567777460444481,-4.660590042962814,-0.619517520038665,0.214584281649024,-1.5708025418128615,2.1879418532257513,1.0,-0.8614019117209665,-0.798135847687163,0,zero,0,-0.214584281649024,-0.17405257857629053,0.956648677781937,1.3424918803331027,1.3540065716802094,-0.40455649457752396,0.33540265123185464,0.95365641273067,1.2826011547591063,1.5231806215302675,-0.1212206044210342,0.6138232140214327,0.14701324629618004,-0.13540143215264672,0.10015741936683044,0.6194774702811335,-1.2818946384113739,4.938254876136725,11.709734855731615,1.0,-0.35909467935562134,6.215017965160996e-06,8.98138900140566e-07,0.0,0.0,0.0,1,-0.04927357292600805,1.9918373049951796,-9.0,-9.0,-0.04927357292600805,-0.24679607832473496,-4.005391083968323,-4.060890862446112,0.004791558758953817,-0.0027950074452766905,-0.002340555364704913,-0.014948651469552907,0.09792307442612001,0.2996794204910351,0.0,0.0,0.0,0.0,0.0,-0.09239372384400535,13.278915366634532,-30.0,-30.0,44.45602467511517,2.2386333833199146,-4.994608916031677,-4.939109137553888,-0.09239372384400535,13.278915366634532,-73.15489387094799,-105.65191891975488,129.19096175278892,1.0000000000000007
0.0,0.0,0.0,0.0,0.0,0.0,0.0,0.0,0.0,0.0,0.0,0.0,0,0.0,-1.5707963267948966,nan,0.19254597500891027,-0.2749818842291807,-0.10620202825933989,0.041420048515640406,-1.5708016075539413,0.18884754274218699,-0.27135752676949454,2.1787919456616813,-0.11571468323256079,0.1953156160807366,-0.04101495284524748,0.06991994330939888,-0.17769964844003006,0.010830742027519024,-0.003698432266723284,0.003624357459686145,-0.009512654973220902,0.009440218952121136,-0.005470904607164397,0.0075038996585041,-0.0016965926318349128,0.7858511944822407,0.5502695410308461,-0.6319573412122224,0.2425039114453944,-1.5708026566356534,2.1816657395157315,1.0,-0.8614019117209679,-0.7981358476871638,0,zero,0,-0.2425039114453944,-0.201083862929754,0.9628071199432583,1.343966853181281,1.3526480992904002,-0.40355162271848033,0.38496340907590054,0.959932367241955,1.2759160856434475,1.545658776380819,-0.07750786232602117,0.6178400758620919,0.14797530163333436,-0.13628749972643772,0.10081284996431102,0.63196342646974,-0.23284295955403056,0.3151999507863166,-0.8769936007201729,1.0,-0.45919984579086304,6.329840756880145e-06,1.0490817121677765e-06,0.0,0.0,0.0,1,-0.0496505728084427,1.5841278844999735,-9.0,-9.0,-0.0496505728084427,0.47250477967365645,-5.776885881638624,-5.898843232539763,0.004791558758953817,-0.0027950074452766953,-0.002340555364704916,-0.007899282053553863,0.02643891209859036,0.04691897950492978,0.0,0.0,0.0,0.0,0.0,-0.09310064280600544,10.560852563333157,-30.0,-30.0,43.72116506446451,1.1116231048263172,-3.2231141183613756,-3.101156767460237,-0.09310064280600544,10.560852563333157,-51.78476613813342,-69.2588489054495,87.12055113624571,1.0100000000000007
0.0,0.0,0.0,0.0,0.0,0.0,0.0,0.0,0.0,0.0,0.0,0.0,0,0.0,-1.5707963267948966,nan,0.18717144819077342,-0.2709681248519582,-0.10809305470917274,0.04231407926509312,-1.5708015710435053,0.18728266237596786,-0.2726983187821598,2.172594088992413,-0.11605227440304056,0.6752613408355066,0.38096464519177253,-0.5354551389887718,0.1553435279353088,0.008145865071700372,0.00011121418519444148,-0.0017301939302015734,-0.007959219693867814,0.001810321748888286,-0.0011055487448471276,0.001430367262970851,-9.526961890424408e-05,8.255335992631165,5.702439819732904,-0.6394399158650573,0.17708254052432681,-1.5708023735126506,2.1752886799588693,1.0,-0.8444569492519408,-0.5038655163831948,0,zero,0,-0.17708254052432704,-0.1347684612592337,0.9690049738107607,1.345451265299163,1.3512809331898634,-0.40254032005868867,0.2975250616615978,0.9663098286708862,1.2808917612488893,1.5185144458825366,-0.16509786138993082,0.6217052933597527,0.14890103751133926,-0.13714011652686142,0.10144353678262301,0.6394905407523018,1.009556915944977,-4.698210268433567,-13.722014637173908,1.0,-0.2509492039680481,6.046717754060182e-06,8.024691453556443e-07,0.0,0.0,0.0,0,0.024353130590391486,0.3787203305122487,-4.891406775786268,-2.3949750818489757,0.024353130590391486,0.7046751301424391,-6.078882587354088,-5.671878272301236,0.004791558758953817,-0.002740025797782736,-0.0014775995100056523,0.009906996792661087,-0.06554515465286934,-0.24753818034819833,0.0,0.0,0.0,0.0,0.0,0.0456649739178539,2.5248022034149913,-16.304689252620893,-7.983250272829919,18.328990370431818,-0.3259547996301904,1.1874758115678201,3.2769031904522605,0.0456649739178539,2.5248022034149913,-16.304689252620893,-7.983250272829919,18.328990370431818,1.0200000000000007
0.0,0.0,0.0,0.0,0.0,0.0,0.0,0.0,0.0,0.0,0.0,0.0,0,0.0,-1.5707963267948966,nan,0.1787897742063733,-0.26241886695952027,-0.11027888521413812,0.04321357546422111,-1.570801534149989,0.18569847564315276,-0.27403782482439876,2.1663583448638994,-0.11639189552819498,1.2140921471014037,0.6797487251585022,-0.9888763934676914,0.1846209379810948,0.014835741724232932,0.006908701436779463,-0.011618957864878487,-0.006113010314056866,0.006884141088986459,0.0037879214931148004,-0.005628968498538537,0.0011652308516047023,12.41005594824721,8.45524764794099,-0.6401564031203738,0.04171515632664757,-1.5708018843564195,2.168873427442092,0.388467351364873,0.8608362985482021,0.7981240563695626,0,zero,0,-0.04171515632664757,0.0014984191375733147,0.9752407151932012,1.346944751636524,1.3499054095953997,-0.4015228353001497,0.11994064886142822,0.9727257753345406,1.2984741299078975,1.4483119350393439,-0.35308536110817196,0.6254173278642262,0.14979008541699085,-0.13795894314766138,0.10204922876050203,0.6402229013517278,2.20690080043544,-8.181226348533276,-20.991003672383425,1.0,-0.26299983263015747,5.557561522984145e-06,3.502064305216379e-07,0.0,0.0,0.0,1,0.14980174211210442,-1.8887766512785509,7.584555119084438,9.0,0.14980174211210442,0.2965465504121052,-3.3219362017295033,-2.4274517008250376,0.001861364139999947,0.002793172189274223,0.0023405207863411593,0.01869335559974624,-0.1306727564167288,-0.43553158359091004,0.0,0.0,0.0,0.0,0.0,0.2808958224490989,-12.591844341857007,25.28185039694813,30.0,41.204434298826285,-2.185323201690656,10.906491320813942,11.427451700825038,0.2808958224490989,-12.591844341857007,25.28185039694813,59.720713913090954,66.06337166823646,1.0300000000000007
0.0,0.0,0.0,0.0,0.0,0.0,0.0,0.0,0.0,0.0,0.0,0.0,0,0.0,-1.5707963267948966,nan,0.17031523826273473,-0.253441615794463,-0.10951174572221978,0.04411831508371589,-1.570801496881013,0.18409525956814907,-0.27537547237905746,2.1600862525288687,-0.11673346142208077,1.2443528437208058,0.6871319868634873,-1.031489871971597,-0.11087053858041263,0.0268911924150055,0.013780021305414336,-0.021933856584594458,-0.007221715699860992,0.012763331878745402,0.007093606054716489,-0.010610465529081618,3.761706605945759e-05,11.185091805862225,7.516586482186677,-0.6352452436867387,-0.10404941515171418,-1.5708014691263166,2.162492257008844,-0.7713634171218576,0.8614019117018815,0.798135847684886,0,zero,0,0.10404941515171418,0.14816773023543028,0.9815128048402073,1.3484469435364135,1.3485218680456585,-0.4004994196020598,0.1605561462940083,0.979107531000118,1.3241251509464922,1.3629870351307918,-0.558523785182021,0.6289747061997979,0.15064209251849783,-0.1387436546254003,0.10262968552014146,0.6352960058681043,2.659635409619325,-8.289947668691854,-19.106412618021253,1.0,-0.59758061170578,5.142331420238122e-06,-2.775469631899341e-08,0.0,0.0,0.0,1,0.26620364748942765,-4.4238610640867995,9.0,9.0,0.26620364748942765,-0.7512476772084056,0.3860224903855968,1.3976863354003113,-0.0036960331376467833,0.002795007445214765,0.0023405553646982363,0.023282013973780474,-0.143981513211336,-0.43267198885140734,0.0,0.0,0.0,0.0,0.0,0.49916303673247264,-29.492407093912,30.0,30.0,51.67253854737805,-3.672613386878394,8.613977509614402,7.602313664599689,0.49916303673247264,-29.492407093912,56.909229119295325,103.37998795879938,121.63935838882176,1.0400000000000007
0.0,0.0,0.0,0.0,0.0,0.0,0.0,0.0,0.0,0.0,0.0,0.0,0,0.0,-1.5707963267948966,nan,0.1645361146361588,-0.24821359718905092,-0.1074272845863389,0.045028074016279174,-1.570801459244477,0.1824733061635999,-0.27671069229513434,2.153779365644385,-0.11707688611893258,0.8139581915654317,0.41571702220267737,-0.6563238521488962,-0.2427885832732679,0.03502773299994025,0.01793719152744111,-0.02849709510608342,-0.009649601532593671,0.013755341192465975,0.007487265932766756,-0.011428908202810385,-0.0015906971631693759,5.879895520395078,3.897728554349287,-0.6290084427389783,-0.20321187161636445,-1.570801221389321,2.1561777841825043,-1.0,0.8614019117209668,0.7981358476871636,0,zero,0,0.20321187161636445,0.24823994563264362,0.9878196890970217,1.34995746889197,1.3471306512567087,-0.3994703264739759,0.305654460599481,0.9854223120697809,1.347366665454016,1.2965429698389148,-0.7008887666764071,0.6323760206652305,0.15145672166548205,-0.13949394043946045,0.10318467736719288,0.6290309207151974,1.9466722537670935,-5.179603165308679,-10.287392137538871,1.0,-1.0254590511322021,4.894594424431631e-06,-2.3785515601559837e-07,0.0,0.0,0.0,1,0.30726592689473664,-4.5,9.0,9.0,0.30726592689473664,-1.912912825554986,3.3425363240096893,4.2347861643719344,-0.004791558758953817,0.0027950074452766918,0.0023405553647049154,0.019930417996947763,-0.10268172732384212,-0.27046444428482164,0.0,0.0,0.0,0.0,0.0,0.5761596229040628,-30.0,30.0,30.0,51.964718414623064,-2.587087174445014,5.657463675990311,4.7652138356280656,0.5761596229040628,-35.140928378261336,62.66873174018886,102.03981186360255,124.79867767841259,1.0500000000000007
0.0,0.0,0.0,0.0,0.0,0.0,0.0,0.0,0.0,0.0,0.0,0.0,0,0.0,-1.5707963267948966,nan,0.16278909670888927,-0.24894514478454982,-0.10777739163891989,0.04594262617104938,-1.570801421248561,0.18083292241547863,-0.2780429193442714,2.1474392516170964,-0.11742208291121306,0.06100907840984508,0.010663417914824613,-0.06006794536381477,0.0004910260300500235,0.0355707773347168,0.018043825706589356,-0.029097774559721568,-0.009644691272293171,0.009525863408525079,0.005053655695056917,-0.008005556206067459,-0.0010553234694588333,-1.6310636535541048,-1.0665838104523409,-0.6241475704267632,-0.2210238395022166,-1.5708011262675468,2.1499234946555963,-1.0,0.8614019117209679,0.7981358476871637,0,zero,0,0.22102383950221682,0.2669664656732662,0.9941598005592471,1.3514759523032358,1.3457321049776123,-0.39843581166898123,0.33908305518839593,0.9916766258819415,1.3575201528666352,1.2750783462695376,-0.7300118454521685,0.6356199290337621,0.15223365138897818,-0.14020950451204342,0.10371398529076588,0.6241398356274995,0.30737949431589007,0.08112620260893766,2.3373462362410056,1.0,-1.0904486179351807,4.799472650418579e-06,-2.949810142816034e-07,0.0,0.0,0.0,1,0.2676677835240405,-3.929054582622661,9.0,9.0,0.2676677835240405,-2.7249505999374684,5.3334458587290605,5.995899038675538,-0.004791558758953817,0.0027950074452766953,0.0023405553647049154,0.009466152073764247,-0.022641569352123893,-0.016064773699479125,0.0,0.0,0.0,0.0,0.0,0.5019084633865376,-26.19369721748441,30.0,30.0,49.86343034756904,-1.2041039826851927,3.6665541412709395,3.004100961324462,0.5019084633865376,-26.19369721748441,41.98454730747828,63.7900058681447,80.73554822566504,1.0600000000000007
0.0,0.0,0.0,0.0,0.0,0.0,0.0,0.0,0.0,0.0,0.0,0.0,0,0.0,-1.5707963267948966,nan,0.16514177298095656,-0.25600708489350077,-0.1114056911253154,0.04686174356804518,-1.5708013829017224,0.179174430248582,-0.2793715927738726,2.1410674909484873,-0.11776896438771059,0.7728358377945805,-0.40111684389639024,0.5733266679349758,0.32814180098979795,0.02798762128324791,0.014032657267625454,-0.02336450788037181,-0.0063632732623951915,0.002227705966263137,0.0006937636235842138,-0.0015121832968934407,0.0014814410495568708,-8.941140695175143,-5.767701662141903,-0.6231917049130258,-0.14754831974695937,-1.5708011970575495,2.143699737802341,-0.9096191966786509,0.21264238483963094,0.14697767038610537,0,zero,0,0.14754831974695914,0.19441006331500432,1.0005315587275914,1.3530020152339703,1.3443265778459943,-0.3973961330768507,0.23500230575024675,0.9979001400796065,1.349854914258225,1.3095109354577388,-0.6297689502142539,0.6387051545531086,0.15297257590143418,-0.14089006520817052,0.10421740096342834,0.6231544230964856,-1.4153539578894287,5.51650352490943,14.741188674142055,1.0,-0.6420437693595886,4.870262652723056e-06,-1.8584417293965316e-07,0.0,0.0,0.0,0,0.1763435116299803,-1.383677833455869,0.3167134660040531,0.5986836318963163,0.1763435116299803,-2.7712083421496825,4.8946883436433,5.387145505081794,-0.004358493829158125,0.0006899648592847366,0.00043101606814290993,-0.012507808399487444,0.07890420175991623,0.272400629603553,0.0,0.0,0.0,0.0,0.0,0.3306647508531414,-9.224518889705793,1.0557115533468437,1.9956121063210546,9.502530320223185,1.3875305086938134,-4.577974877639247,-4.788461873185478,0.3306647508531414,-9.224518889705793,1.0557115533468437,1.9956121063210546,9.502530320223185,1.0700000000000007
0.0,0.0,0.0,0.0,0.0,0.0,0.0,0.0,0.0,0.0,0.0,0.0,0,0.0,-1.5707963267948966,nan,0.1700660333424789,-0.2672960110627067,-0.11448453586419763,0.04778519643260126,-1.5708013442126896,0.17749816647223388,-0.28069615685604854,2.1346656765801333,-0.11811744247167971,1.2260111449995554,-0.6600524137870489,0.9964362087029943,0.2730366654913108,0.015747968775683612,0.007432133129754964,-0.013400145793341867,-0.0036329066074820837,0.007412615673628308,-0.003930883139419188,0.005624830567812284,0.0028029109783499285,-12.615787644664287,-8.026834354791838,-0.629473756572659,-0.010198304079978682,-1.5708014704688618,2.137444453479963,0.0918273848384345,-0.8614043173585132,-0.7981250646916181,0,zero,0,0.010198304079978904,0.057983500512579944,1.0069333706626111,1.3545352761684648,1.3429144212436157,-0.396351550617216,0.06337242214986073,1.0041549391726792,1.3299905112312367,1.3846478782416543,-0.437146370003567,0.64163048594546,0.1536732050967104,-0.14153535533568215,0.10469472674120589,0.6294155227106416,-2.199387293934801,8.336750589071409,21.090230641646816,1.0,-0.260771244764328,5.143673964980167e-06,1.262561721837585e-07,0.0,0.0,0.0,1,0.06855640601323054,0.8503512150688184,-9.0,-9.0,0.06855640601323054,-2.0709174636432075,1.7195122514561372,2.0039007565341502,0.00043999631013442374,-0.0027950152508953714,-0.00234052374327337,-0.019677098361161695,0.1364152424510546,0.44131254711480816,0.0,0.0,0.0,0.0,0.0,0.12855129573079044,5.66900810045879,-30.0,-30.0,42.803670149634385,2.9212686787120257,-10.719512251456138,-11.00390075653415,0.12855129573079044,5.66900810045879,-45.06384687232038,-64.09297610872365,78.55452921177786,1.0800000000000007
0.0,0.0,0.0,0.0,0.0,0.0,0.0,0.0,0.0,0.0,0.0,0.0,0,0.0,-1.5707963267948966,nan,0.174522036907019,-0.27819077201320275,-0.11360886656803443,0.048712753289807065,-1.5708013051904608,0.17580448270606316,-0.2820160614315816,2.12823541323895,-0.11846742845902353,1.1445468961150687,-0.6149687330710807,0.9574856374963026,-0.12256552835070156,0.006315309177737755,0.0012824457990441573,-0.003825289418378841,-0.004858561890989099,0.012182919887655783,-0.006708507040521004,0.010115221868788583,0.0010496460458173928,-10.944040521091004,-6.865779622397095,-0.642072172565186,0.13180772755256664,-1.5708018848123229,2.13108271476431,0.9275602787388273,-0.8614019117210885,-0.7981358476859624,0,zero,0,-0.13180772755256687,-0.08309497426275936,1.0133636316394579,1.3560753507683558,1.3414959891519451,-0.39530232613273164,0.20785631661373816,1.010516065186406,1.3091156155842927,1.4654460600480397,-0.2352170272517232,0.6443947774074844,0.15433526455008068,-0.14214512214523842,0.1051457756635825,0.6420156789591498,-1.9039170416853415,7.474783759455384,18.49027140658561,1.0,-0.18792660534381866,5.558017426299244e-06,5.796218620623961e-07,0.0,0.0,0.0,1,-0.025549166189407852,1.847164920403872,-9.0,-9.0,-0.025549166189407852,-1.0237864440584525,-1.723421422590347,-1.7305798982988143,0.004444459578048672,-0.0027950074452770864,-0.0023405553647013926,-0.018838514113808033,0.1332929209315448,0.42226603858745954,0.0,0.0,0.0,0.0,0.0,-0.047907680835191924,12.314432802692481,-30.0,-30.0,44.177455227728,2.8709513644623246,-7.276578577409653,-7.2694201017011855,-0.047907680835191924,12.314432802692481,-72.11930180133128,-103.52151812733928,126.76571286471138,1.0900000000000007
0.0,0.0,0.0,0.0,0.0,0.0,0.0,0.0,0.0,0.0,0.0,0.0,0,0.0,-1.5707963267948966,nan,0.17604700504385137,-0.284715108552927,-0.11078315818996848,0.04964418105894297,-1.5708012658443027,0.17409374528575433,-0.2833307624481004,2.121778316782447,-0.11881883305650726,0.6906818341071692,-0.32357055571411997,0.5209635523205414,-0.31771129755496785,0.008384730668380042,-0.0019532597580970423,0.0013843461048265726,-0.008035674866538778,0.012239653719065774,-0.00661776239961093,0.010198521404498086,-0.0014158054763740565,-5.241560134055929,-3.2410310397706246,-0.6551594787997642,0.22329952334975944,-1.5708022297437554,2.1245831819231022,1.0,-0.8614019117209681,-0.7981358476871636,0,zero,0,-0.22329952334975944,-0.17365534229081625,1.019820725802622,1.3576218520294399,1.3400716380077307,-0.3942487232822396,0.3494004221791948,1.017015124917497,1.2948627685886946,1.52125095550458,-0.1021731577521418,0.646996948610324,0.15495849551823127,-0.14271912733031855,0.10557037145349996,0.6551310711265932,-1.0632840197994409,4.0707657265585855,9.170132600354522,1.0,-0.3712368309497833,5.902948858604873e-06,9.638994526994793e-07,0.0,0.0,0.0,1,-0.0772125810673077,1.9448066255260974,-9.0,-9.0,-0.0772125810673077,-0.05251348172661204,-4.26804660698078,-4.448605786666829,0.004791558758953817,-0.002795007445276696,-0.0023405553647049154,-0.013463397443768559,0.08449255278546128,0.24873507918903365,0.0,0.0,0.0,0.0,0.0,-0.14478263841610295,12.965377503507316,-30.0,-30.0,44.36352077800905,1.9973201072527094,-4.73195339301922,-4.551394213333171,-0.14478263841610295,12.965377503507316,-69.56105481147601,-98.34215179841989,121.15296588465951,1.1000000000000008
0.0,0.0,0.0,0.0,0.0,0.0,0.0,0.0,0.0,0.0,0.0,0.0,0,0.0,-1.5707963267948966,nan,0.17371463479050336,-0.2851444602132712,-0.11015572901783979,0.050579245147921004,-1.57080122618374,0.17236633514871535,-0.2846397224916446,2.11529601354398,-0.11917156642000101,0.14492778361508465,0.060496011630903346,-0.0879608383199948,-0.0980162535622442,0.009130060030136038,-0.0013482996417880089,0.0005047377216266247,-0.00901583740216122,0.007550779310136657,-0.004001452752134907,0.006201632516594594,-0.0015944899472672752,2.6278759607641433,1.6009617731419576,-0.6649031220288967,0.2306909741126264,-1.5708022588975583,2.1179654354202273,1.0,-0.8614019117209679,-0.7981358476871638,0,zero,0,-0.23069097411262618,-0.18011172896470562,1.0263030268206776,1.3591743904384876,1.3386417265585708,-0.39319100743393554,0.3704123409341636,1.0236328422094354,1.290553726154267,1.5341672175835768,-0.08617446191384226,0.6494359846995992,0.15554265493926184,-0.14325714702722156,0.10596834851735834,0.6649193611685252,0.02037848008576701,-0.6890960609349829,-3.7458583029635184,1.0,-0.41173991560935974,5.9321026615322126e-06,1.0327138184607065e-06,0.0,0.0,0.0,1,-0.058099545781935866,1.4033663559553045,-9.0,-9.0,-0.058099545781935866,0.567847226108371,-5.940781079660405,-6.099029071971789,0.004791558758953817,-0.0027950074452766953,-0.002340555364704916,-0.006191808274601383,0.010449965835772707,-0.029453540160156142,0.0,0.0,0.0,0.0,0.0,-0.10894345730721144,9.355775706368696,-30.0,-30.0,43.445856048014164,0.8355191298469334,-3.059218920339595,-2.9009709280282108,-0.10894345730721144,9.355775706368696,-45.61345081796639,-56.86671252307447,73.49797477787943,1.1100000000000008
0.0,0.0,0.0,0.0,0.0,0.0,0.0,0.0,0.0,0.0,0.0,0.0,0,0.0,-1.5707963267948966,nan,0.16766299285012567,-0.27940189008596217,-0.11253226022740306,0.051517709547722834,-1.5708011862185578,0.17062264769965588,-0.2859424113108049,2.108790139678004,-0.11952553819274817,0.8502052234462515,0.4307954491318211,-0.7045258946469346,0.20225594368161182,0.010022170993429872,0.002959654849530202,-0.006540521224842721,-0.006993277965345102,0.000661782502283427,0.0002039734835777218,-0.0005614239651569432,0.0002848754634452366,9.83518585412793,5.901947853455845,-0.6694726609524286,0.14685190437165296,-1.5708019190126699,2.111274610173848,0.986610104460711,-0.44848618280528907,0.39690783526041234,0,zero,0,-0.14685190437165296,-0.09533419482393013,1.0328088985410275,1.3607325741300575,1.3372066157184876,-0.39212944555853346,0.25872383669094967,1.0303241364330011,1.2982725744574408,1.4975324177280351,-0.1989294577732238,0.6517109362954052,0.1560875154326847,-0.1437589718150657,0.10633955194501567,0.6695255539324436,1.291659412228862,-5.531551527338571,-15.710019018965122,1.0,-0.2342088520526886,5.592217773298103e-06,7.327941120571779e-07,0.0,0.0,0.0,0,0.03487926039962672,-0.006994227920143181,-2.539028589705452,2.142364294452627,0.03487926039962672,0.6735307546815212,-5.721588503796177,-4.938109075220631,0.00472740028770106,-0.0014552117925303127,0.0011639431630645122,0.011871476216431628,-0.08047248219976,-0.2970214921771311,0.0,0.0,0.0,0.0,0.0,0.06540270091810749,-0.046628186134287875,-8.463428632351507,7.14121431484209,11.073979312173309,-0.6805249826016644,3.182559914090725,7.080473369673259,0.06540270091810749,-0.046628186134287875,-8.463428632351507,7.14121431484209,11.073979312173309,1.1200000000000008
0.0,0.0,0.0,0.0,0.0,0.0,0.0,0.0,0.0,0.0,0.0,0.0,0,0.0,-1.5707963267948966,nan,0.1596395518860294,-0.27011587138716864,-0.11431681237977442,0.052459336926836464,-1.5708011459587932,0.16886309265609997,-0.28723830633261777,2.102262340505324,-0.11988065754365029,1.2379678628697035,0.6263885920540363,-1.0581913720606406,0.14294328014692326,0.02022888666748312,0.009223540770070565,-0.017122434945449128,-0.005563845163875869,0.008649973342609307,0.004304288182716966,-0.007415766750637324,0.001140853000222492,12.656116614235241,7.479909308751046,-0.6672403838087665,0.007492121667499685,-1.5708014425441985,2.1045772961673253,0.17165754432948696,0.8613392650310047,0.798135535520488,0,zero,0,-0.007492121667499685,0.04496721525933678,1.0393366956446477,1.36229600904331,1.335766668423498,-0.39106430612243187,0.09764316190452053,1.0370220838804136,1.3182465869732127,1.4228572437240083,-0.39299037678827486,0.6538209194923142,0.15659286529942523,-0.14422440671578862,0.10668383750978808,0.6672985880115387,2.3913493406949438,-8.32599259761645,-20.635876459622835,1.0,-0.37481674551963806,5.115749301953798e-06,2.965854051240058e-07,0.0,0.0,0.0,1,0.1696434638264131,-2.4444076655523235,9.0,9.0,0.1696434638264131,0.12055557500962495,-2.525985003669544,-1.3533716659240809,0.0008225072100724564,0.0027948041743499808,0.0023405544492675376,0.020233378701217067,-0.135652682977782,-0.4381177788872713,0.0,0.0,0.0,0.0,0.0,0.31810137601052524,-16.296051103682156,30.0,30.0,45.449559624480855,-2.5649632405619482,11.525985003669543,10.353371665924081,0.31810137601052524,-16.296051103682156,32.28931696746326,71.41406278803595,80.05142612207538,1.1300000000000008
0.0,0.0,0.0,0.0,0.0,0.0,0.0,0.0,0.0,0.0,0.0,0.0,0,0.0,-1.5707963267948966,nan,0.15237870213219998,-0.2617831576916753,-0.11338254419853241,0.053403888725698234,-1.570801105414731,0.16708809387391682,-0.28852689316940355,2.095714269858348,-0.12023683320556494,1.115030179537252,0.5485850971646278,-0.9621300532279109,-0.12904438431566578,0.03128218135785794,0.014709391741716843,-0.026743735477728237,-0.006854289007032527,0.013076997121290545,0.006515228244208606,-0.011337977960269252,-9.95510349334804e-05,10.132863881824266,5.898219212195471,-0.6605154221524215,-0.12600236512008522,-1.5708010646305384,2.0979385641149966,-0.8761496583307841,0.8614019117251062,0.7981358476871977,0,zero,0,0.126002365120085,0.17940625384578368,1.0458847643008327,1.3638642990788223,1.3343222494871847,-0.38999585898087846,0.19347193124183273,1.043661279144452,1.3443116734367075,1.340925917085425,-0.5823510790736929,0.6557651158593742,0.15705850852182177,-0.14465327119414753,0.10700107166844976,0.6605541849277424,2.5954956744815783,-7.643470743177366,-16.77247348333896,1.0,-0.7705610990524292,4.737835642032451e-06,-4.0784192911758055e-08,0.0,0.0,0.0,1,0.2768770833381377,-4.5,9.0,9.0,0.2768770833381377,-0.9735273269709902,1.1396400206490953,2.2318444301929,-0.004198122569529263,0.002795007445290123,0.002340555364705015,0.02321411851582367,-0.13583737733423729,-0.39039630821406324,0.0,0.0,0.0,0.0,0.0,0.519176979820247,-30.0,30.0,30.0,51.96411785777158,-3.52647267302901,7.860359979350905,6.768155569807099,0.519176979820247,-31.457041277841274,58.715164312436016,103.5938293568432,123.16236028813061,1.1400000000000008
0.0,0.0,0.0,0.0,0.0,0.0,0.0,0.0,0.0,0.0,0.0,0.0,0,0.0,-1.5707963267948966,nan,0.1480104661584836,-0.2581591443820663,-0.11218625167391466,0.05435112525113106,-1.5708010645968964,0.16529808915298164,-0.28980766611573244,2.089147589426341,-0.12059397351361056,0.5754768298971897,0.2578231252781199,-0.4904786255937932,-0.15534328326633762,0.037029456156686076,0.017287622994498042,-0.03164852173366617,-0.008407721839695903,0.012436822728353268,0.006051595714648281,-0.010809378142320886,-0.001100042298846025,3.9073884140472197,2.2402629222182613,-0.6533446408282865,-0.2023733620462116,-1.570800847761536,2.091379009602688,-1.0,0.8614019117209695,0.7981358476871638,0,zero,0,0.20237336204621137,0.25672448729734265,1.0524514428219391,1.3654370462554022,1.332873725456269,-0.38892437527113616,0.30875917850686685,1.0502210290262013,1.36541310361378,1.2846589092068237,-0.6938876295942057,0.6575427724401087,0.15748426476362531,-0.14504539915771886,0.10729113156123284,0.6533565910741137,1.6443128456864724,-3.9502830929846136,-6.810017390972776,1.0,-1.1114020347595215,4.52096663927648e-06,-2.1683536033378914e-07,0.0,0.0,0.0,1,0.2963466996538255,-4.5,9.0,9.0,0.2963466996538255,-2.0979520783742163,3.8772267541618044,4.7652937995112135,-0.004791558758953817,0.0027950074452767005,0.002340555364704916,0.0180944294009971,-0.08427177719361839,-0.20075298475495273,0.0,0.0,0.0,0.0,0.0,0.5556847921504322,-30.0,30.0,30.0,51.96449543282632,-2.4020479216257837,5.122773245838196,4.2347062004887865,0.5556847921504322,-33.618519619534794,58.113951449726954,91.7891217379632,113.72329519287209,1.1500000000000008
0.0,0.0,0.0,0.0,0.0,0.0,0.0,0.0,0.0,0.0,0.0,0.0,0,0.0,-1.5707963267948966,nan,0.14740123697516933,-0.2610090407043834,-0.11389219582084825,0.055300805770784,-1.570801023516052,0.16349353002313238,-0.2910801286347194,2.082563968100679,-0.12095198644347285,0.2394583398198405,-0.11953299465349843,0.1577433803330197,0.1347931217071302,0.03482919563370386,0.016092293047963058,-0.03007108793033597,-0.007059790622624601,0.0069438764769121425,0.003231790620636282,-0.006143755830022822,0.00016496730597826553,-4.1719715177662575,-2.356086990352375,-0.6477772049946737,-0.19259190217590527,-1.5708007916951907,2.084886851181356,-1.0,0.8614019117209679,0.7981358476871638,0,zero,0,0.19259190217590527,0.24789270794668905,1.0590350623181322,1.3670138508669012,1.331421464466183,-0.38785012730564816,0.3019153411928449,1.0567131307276199,1.3718170613633662,1.2774980477136713,-0.6848630498796374,0.6591532017525188,0.15786996937000025,-0.14540063895689873,0.1075539050118278,0.6477614656760349,-0.090407514322275,1.6044041187168057,6.305292324225338,1.0,-1.0129882097244263,4.464900293932317e-06,-2.3182086117401468e-07,0.0,0.0,0.0,1,0.23663643479948387,-3.37090871804858,9.0,9.0,0.23663643479948387,-2.7608997351789446,5.667373571768768,6.275322781373035,-0.004791558758953817,0.0027950074452766953,0.002340555364704916,0.00670727164106903,0.011590846394453149,0.0829156390260258,0.0,0.0,0.0,0.0,0.0,0.44372104781452065,-22.472724786990536,30.0,30.0,48.01270923120349,-0.6100089828696356,3.332626428231232,2.724677218626965,0.44372104781452065,-22.472724786990536,32.09039918164901,46.62093717951809,60.897666218454084,1.1600000000000008
0.0,0.0,0.0,0.0,0.0,0.0,0.0,0.0,0.0,0.0,0.0,0.0,0,0.0,-1.5707963267948966,nan,0.1502480575562836,-0.27010903848692625,-0.11789122530833579,0.056252688607572265,-1.570800982183193,0.16167488151062254,-0.29234379383285025,2.0759650813200965,-0.12131077964970485,0.9819675677966542,-0.4665469093624114,0.7836332584411965,0.3640236281255538,0.025231924279969738,0.011426823954338944,-0.022234755345924007,-0.0034195543413690632,0.0029311609692953306,-0.0009540970085354945,0.001126390922724766,0.0025323204803948517,-10.968488557682052,-6.101291596682744,-0.6469367456758884,-0.09446332481487985,-1.5708009322811705,2.078428333378111,-0.7553025806249527,-0.5481105276793484,-0.7381622149707567,0,zero,0,0.09446332481488007,0.1507160134224521,1.0656339473521286,1.3685943116390302,1.3299658360966398,-0.3867733884652035,0.1628906545403865,1.0631713534163425,1.3609801481744388,1.325659072484186,-0.5494103377406492,0.6605957817890803,0.15821547336752348,-0.14571885338490245,0.10778929052738286,0.6468953474576317,-1.6339260229228103,6.635341824033608,17.55265312560913,1.0,-0.4975513517856598,4.6054862741229385e-06,-4.990202251420328e-08,0.0,0.0,0.0,0,0.1308996741869085,-0.8420868565402931,-3.684930708719402,-5.762222007533965,0.1308996741869085,-2.630747617064842,4.333276952591106,4.351549461759165,-0.0036190766958539137,-0.0017784648314021455,-0.0021646810342861064,-0.014470577562783407,0.09995577181167227,0.3419859794294481,0.0,0.0,0.0,0.0,0.0,0.24545222986482002,-5.613912376935287,-12.283102362398006,-19.207406691779884,23.48138271996841,1.7886607605245488,-8.018207661310509,-10.11377146929313,0.24545222986482002,-5.613912376935287,-12.283102362398006,-19.207406691779884,23.48138271996841,1.1700000000000008
0.0,0.0,0.0,0.0,0.0,0.0,0.0,0.0,0.0,0.0,0.0,0.0,0,0.0,-1.5707963267948966,nan,0.1542821808146681,-0.2816524705844654,-0.11963132183847636,0.05720653123411745,-1.5708009406095331,0.15984262188531714,-0.29359818492256,2.0693526104159456,-0.121670260504018,1.1924131525741628,-0.5866382883689902,1.0289041007829403,0.13806156758274235,0.01333326167257511,0.0055604410706490415,-0.011945714338094604,-0.0020389386655416397,0.009224695473026718,-0.004538953178523434,0.007596842431053741,0.002604015301605031,-12.659600524174792,-6.934695224674847,-0.6537468675179202,0.04765228680590461,-1.5708012744838615,2.0719318212049678,0.31658931672730534,-0.8614018989695522,-0.798135815208706,0,zero,0,-0.04765228680590461,0.009554244428212844,1.0722464165939425,1.370178025886173,1.3285072112272067,-0.38569443309210233,0.09065580847352862,1.069667376158593,1.3408819472533564,1.4053731719634164,-0.34767880449988736,0.6618699560167457,0.158520643464185,-0.14599991967776488,0.10799719729850447,0.6536931852816568,-2.1068618664570624,8.345307277569075,20.672971724496804,1.0,-0.22199119627475739,4.947688965195596e-06,3.3387432818443585e-07,0.0,0.0,0.0,1,0.014969916716023185,1.0526892491188116,-9.0,-9.0,0.014969916716023185,-1.8486266771961435,0.8663999700606791,0.4933951247472926,0.001516956313555924,-0.00279500740390193,-0.0023405552694609434,-0.01938663843623197,0.14010227117271656,0.44641476546836006,0.0,0.0,0.0,0.0,0.0,0.02807034823930843,7.017928327458744,-30.0,-30.0,43.00293136466162,2.901315926314955,-9.866399970060678,-9.493395124747293,0.02807034823930843,7.017928327458744,-55.91536978986137,-80.93684076202074,98.62328770238518,1.1800000000000008
0.0,0.0,0.0,0.0,0.0,0.0,0.0,0.0,0.0,0.0,0.0,0.0,0,0.0,-1.5707963267948966,nan,0.15669543748584164,-0.29059204725550203,-0.11759975735594966,0.05816209036718889,-1.5708008988065074,0.15799724238892177,-0.2948428356717897,2.062728241957445,-0.12203033613355516,0.9114154342310374,-0.42586361675689133,0.7694925921806928,-0.23916401120638586,0.006276458115075507,0.0013018049030801282,-0.004250788416287676,-0.004430578777605498,0.011741321481624569,-0.0058546974343121685,0.010176501018583643,0.00014133331625333732,-9.117484962807938,-4.916463176854456,-0.6650162922951667,0.1715647145366288,-1.5708016919002459,2.0653329721861513,0.9781173993580417,-0.8614019117209689,-0.7981358476871552,0,zero,0,-0.17156471453662903,-0.11340262416943991,1.0788707834756304,1.3717645896682,1.327045961892877,-0.38461353638332163,0.27083763707233105,1.0762656937147486,1.3218610134975972,1.4808224625341817,-0.16733799680704745,0.6629752333769446,0.15878536204938803,-0.14624372951434042,0.10817754519925729,0.6649736380570003,-1.6826607585306832,6.637415706042754,15.3133354607733,1.0,-0.2477853000164032,5.3651053493197765e-06,7.930937382383263e-07,0.0,0.0,0.0,1,-0.07665174308926509,1.8274992675502857,-9.0,-9.0,-0.07665174308926509,-0.8229603756853429,-2.389200185275242,-2.9039147305578856,0.004686706992179153,-0.0027950074452766987,-0.0023405553647048907,-0.017368152214527983,0.12182347457113986,0.36505039725230026,0.0,0.0,0.0,0.0,0.0,-0.14373100147996454,12.183328450335239,-30.0,-30.0,44.14129756508676,2.6504596432356284,-6.610799814724758,-6.096085269442114,-0.14373100147996454,12.183328450335239,-74.02581160982442,-104.49450676195691,128.6366078480283,1.1900000000000008
0.0,0.0,0.0,0.0,0.0,0.0,0.0,0.0,0.0,0.0,0.0,0.0,0,0.0,-1.5707963267948966,nan,0.1558940925367672,-0.29381078946490946,-0.11522743468200913,0.059119122062145424,-1.5708008567857588,0.15613924694456421,-0.2960772908397697,2.0560936670969374,-0.12239091345914,0.3538735330505046,-0.10566504952831124,0.1984287041427446,-0.2732899999525362,0.007517483445695765,0.0002451544077970158,-0.0022665013748602303,-0.0071634787771308606,0.009466978333079945,-0.004599424842330605,0.008092868609033802,-0.0017246586780208135,-2.147892783677543,-1.1396735919545242,-0.6752469080835195,0.2297459669215598,-1.5708019442556838,2.0586186918874905,1.0,-0.8614019117209679,-0.7981358476871638,0,zero,0,-0.22974596692156002,-0.17062684485941437,1.0855053568460347,1.3733535979472828,1.32558246113964,-0.3835309742836804,0.37170913016267154,1.082979686615399,1.3099053675956471,1.5253624477291634,-0.07657238186491197,0.6639111882855812,0.1590095271939482,-0.14645018901630258,0.10833026478716372,0.6752379563324813,-0.83332031105477,2.7955255016374343,4.393729529942606,1.0,-0.39217904210090637,5.617460787199491e-06,1.0874699247764852e-06,0.0,0.0,0.0,1,-0.11092642193809821,1.8726600916159664,-9.0,-9.0,-0.11092642193809821,0.06928958927941034,-4.714007788525966,-5.195376517802095,0.004791558758953817,-0.0027950074452766953,-0.002340555364704916,-0.011851917710261464,0.06479550154095441,0.15299695767172042,0.0,0.0,0.0,0.0,0.0,-0.20800004113650516,12.48440061077311,-30.0,-30.0,44.225598047142164,1.803370502336556,-4.285992211474034,-3.804623482197905,-0.20800004113650516,12.48440061077311,-64.49220653185812,-84.65962561171867,107.15596313174362,1.2000000000000008
0.0,0.0,0.0,0.0,0.0,0.0,0.0,0.0,0.0,0.0,0.0,0.0,0,0.0,-1.5707963267948966,nan,0.15146386648264187,-0.29021239770380636,-0.11585837432331372,0.06007738180737343,-1.5708008145591335,0.15426915184810291,-0.29730110659829495,2.0494505809151375,-0.12275189923349891,0.5466336156241123,0.2560130957664025,-0.4822207519628363,0.026995386694567136,0.01027813725632302,0.002805285365461041,-0.007088708894488593,-0.006893524910185189,0.0027416289900638923,-0.0013571272998402798,0.0021765884193210294,-0.0009680898016530132,6.438823667649695,3.3605023629597035,-0.6820233116888085,0.19664216871913065,-1.5708018366946936,2.051816326949262,1.0,-0.8614019117209679,-0.7981358476871638,0,zero,0,-0.19664216871913087,-0.136564786911757,1.0921484416255296,1.3749446447447085,1.324117082880056,-0.382447023379005,0.3423064294319572,1.0897822473367218,1.3080505889885883,1.524086185955225,-0.1128071971758779,0.6646774606330371,0.15919305265009454,-0.14661921874814468,0.10845529730320451,0.6820583017976178,0.2855644801355077,-2.1878188241422034,-9.165269742448496,1.0,-0.38855811953544617,5.509899796862783e-06,1.0221355601913729e-06,0.0,0.0,0.0,1,-0.06713089799508296,1.196606932191639,-9.0,-9.0,-0.06713089799508296,0.602192061134242,-6.210541236178136,-6.517468500388704,0.004791558758953817,-0.0027950074452766953,-0.002340555364704916,0.0049598427638015054,-0.023339481442944753,-0.14209322846797812,0.0,0.0,0.0,0.0,0.0,-0.12587830113460147,7.977379547944261,-30.0,-30.0,43.170064046728676,0.5944148710573971,-2.789458763821864,-2.482531499611296,-0.12587830113460147,7.977379547944261,-36.52564476719374,-33.55320684673317,50.23539434659138,1.2100000000000009
0.0,0.0,0.0,0.0,0.0,0.0,0.0,0.0,0.0,0.0,0.0,0.0,0,0.0,-1.5707963267948966,nan,0.14384140924544186,-0.2802676884527275,-0.11824165939304812,0.061036624618732604,-1.5708007721386734,0.15238748544156233,-0.29851385093777427,2.04280068176639,-0.12311320007944468,1.270959756200382,0.5740790830659426,-1.1157453590558197,0.2021984223788631,0.020728959752960175,0.008546076196120467,-0.01824616248504679,-0.004871540686396558,0.006687521669762594,0.002917279111029931,-0.005976665448620933,0.0007013549651591726,13.031695390389316,6.688321259442958,-0.683182858224108,0.07492378368212615,-1.5708014214256893,2.044972612386896,0.8831028260933962,0.2832334044283709,0.799357855226366,0,zero,0,-0.07492378368212638,-0.01388715906339355,1.098798339460766,1.3765373232976932,1.3226502017488246,-0.38136196078929474,0.19335426035942105,1.0966265617112843,1.3188503567806047,1.4731855540516599,-0.27462642321317515,0.6652737557841693,0.15933586785146872,-0.14675075371717922,0.10855259467181833,0.6832442740981983,1.6185101297713615,-6.784056448455082,-19.813367278573036,1.0,-0.44326141476631165,5.094630792790156e-06,6.492870161523001e-07,0.0,0.0,0.0,1,0.04439255626991951,-0.5441859861871116,0.9764347725712257,9.0,0.04439255626991951,0.5782486089092459,-5.210103147998981,-3.8709988770132413,0.004231439081424682,0.0009190129060043184,0.002344138935484098,0.014125133574426171,-0.10294843322280794,-0.39511069099598073,0.0,0.0,0.0,0.0,0.0,0.08324124558394808,-3.627906574580744,3.254782575237419,30.0,30.393457270125122,-1.1224345950963575,6.186537920570207,12.87099887701324,0.08324124558394808,-3.627906574580744,3.254782575237419,35.723049494755834,36.05410531459208,1.2200000000000009
0.0,0.0,0.0,0.0,0.0,0.0,0.0,0.0,0.0,0.0,0.0,0.0,0,0.0,-1.5707963267948966,nan,0.13558090339109483,-0.26866275250479865,-0.11823549960538796,0.06199660513399663,-1.5708007295366058,0.15049478776913852,-0.2997151040573616,2.036145670623923,-0.12347472252802066,1.430673441780419,0.6367808181923229,-1.2806189067516183,-0.03676822362361498,0.03484425262534204,0.014913884378043696,-0.031052351552562973,-0.005239222922632708,0.013945441991929429,0.006179121872239155,-0.012499779862256415,0.00022205547372966192,13.564736530139756,6.845553611693381,-0.6774389383315875,-0.08034151401928491,-1.5708009755787682,2.0381608494990253,-0.17022493988102935,0.8614017533505365,0.7981358231425866,0,zero,0,0.08034151401928469,0.14233811915328154,1.1054533493794148,1.3781312262161964,1.3211821929583594,-0.38027606406188746,0.13440958251436935,1.103438918913955,1.34159166459096,1.3915406167816327,-0.4887953276740549,0.6656998445783111,0.15943791791312542,-0.14684474337353812,0.10862211950090189,0.6774918025843143,2.602396911100011,-8.612915891833135,-21.204715676711118,1.0,-0.867414116859436,4.648783871630258e-06,2.460421626437892e-07,0.0,0.0,0.0,1,0.18210630407754225,-3.285753292796046,9.0,9.0,0.18210630407754225,-0.15451463420946024,-1.7620053255329178,0.2532863940912094,-0.000815642801679333,0.002795006931409093,0.0023405552927272667,0.02200617291410337,-0.14373501127074437,-0.4650596437892287,0.0,0.0,0.0,0.0,0.0,0.34147066206177057,-21.90502195197364,30.0,30.0,47.748786256087136,-3.131238658586586,10.762005325532918,8.746713605908791,0.34147066206177057,-21.90502195197364,42.66159148012754,95.30322833121791,106.68956512658134,1.2300000000000009
0.0,0.0,0.0,0.0,0.0,0.0,0.0,0.0,0.0,0.0,0.0,0.0,0,0.0,-1.5707963267948966,nan,0.12937485392710393,-0.2607105778910484,-0.11593180238916326,0.06295707770729475,-1.5708006867653395,0.148591610216252,-0.3009044587384969,2.029487250425098,-0.12383637305659509,1.044922691558219,0.43028719111043723,-0.9141529294885542,-0.26653477447991236,0.04524725425141093,0.019216756289148068,-0.040193880847448515,-0.007904570667431832,0.016084854441914986,0.006975649771272383,-0.014402049494814582,-0.0016259837130337199,8.929827384861392,4.431405103015823,-0.6686594891844673,-0.2045727268955173,-1.570800657627396,2.0314349784705574,-0.9830413502452394,0.8614019117209514,0.7981358476871879,0,zero,0,0.2045727268955173,0.26752980460281206,1.1121117684449136,1.379725945639736,1.3197134321543578,-0.37918961106462434,0.28656374906277143,1.1101651345512258,1.3680414954337452,1.3126949089385909,-0.6654223954354026,0.665955563329272,0.1594991636315323,-0.1469011516101728,0.10866384508181004,0.6686871830475832,2.507598328003402,-6.969317594463815,-14.430627169014137,1.0,-1.4641308784484863,4.330832499732651e-06,-2.9137943613477546e-08,0.0,0.0,0.0,1,0.274218573922956,-4.5,9.0,9.0,0.274218573922956,-1.2994553459061486,1.7326435673061884,3.494537293669187,-0.0047103003921813635,0.0027950074452766415,0.0023405553647049865,0.023054103516143135,-0.1276473434942306,-0.3512129982686076,0.0,0.0,0.0,0.0,0.0,0.5141919631032364,-30.0,30.0,30.0,51.96406829122331,-3.2005446540938514,7.267356432693812,5.505462706330813,0.5141919631032364,-34.56056863338057,61.811909603176964,110.59930223905162,131.3301759771681,1.2400000000000009
0.0,0.0,0.0,0.0,0.0,0.0,0.0,0.0,0.0,0.0,0.0,0.0,0,0.0,-1.5707963267948966,nan,0.126559613166841,-0.25934393573185377,-0.11521506751301261,0.06391779650355822,-1.5708006438374513,0.14667851513216193,-0.3020815207012158,2.02282712541667,-0.1241980581269024,0.2906421693731932,0.09021456761728608,-0.2543704121913515,-0.10784199464579647,0.048082902425632186,0.02011890196532093,-0.04273758496936203,-0.008982990613889796,0.01256579711458608,0.005242584869533601,-0.011277209735461403,-0.0017997504252233827,1.2781026253811807,0.623732916093099,-0.6604751002004182,-0.25472386001564296,-1.5708004818567647,2.0248016442331678,-1.0,0.8614019117209679,0.7981358476871641,0,zero,0,0.25472386001564296,0.3186416565192012,1.1187718924112091,1.3813210733942003,1.3182442952713738,-0.37810287987901614,0.36795353387927193,1.1167985456876512,1.3864886703172328,1.2673443735235284,-0.7424768675689408,0.6660408138253386,0.15951958148457018,-0.14691995676285435,0.10867775538935584,0.6604761614222543,1.2747263685880772,-2.6272263274430134,-2.774675411664266,1.0,-1.717176914215088,4.155061867905374e-06,-1.6198068664152743e-07,0.0,0.0,0.0,1,0.276152013131393,-4.5,9.0,9.0,0.276152013131393,-2.354194030934812,4.27042766634505,5.579910804696357,-0.004791558758953817,0.0027950074452766953,0.0023405553647049167,0.01583797405018545,-0.06443981845030852,-0.1210640478362446,0.0,0.0,0.0,0.0,0.0,0.5178173882081248,-30.0,30.0,30.0,51.96410429178522,-2.145805969065188,4.72957233365495,3.4200891953036434,0.5178173882081248,-32.31059105523964,53.65367196331473,83.82344440502806,104.63904040202337,1.2500000000000009
0.0,0.0,0.0,0.0,0.0,0.0,0.0,0.0,0.0,0.0,0.0,0.0,0,0.0,-1.5707963267948966,nan,0.1274148320201152,-0.2655009463104514,-0.1185392648220158,0.06487851559295743,-1.570800600765682,0.14475607543668317,-0.3032459089426094,2.016167000500034,-0.12455968422302352,0.643572008455982,-0.2777658548752948,0.49926223372040446,0.296257121288207,0.041971971327300024,0.01734124341656798,-0.037744962632157986,-0.006020419401007726,0.004558673904395143,0.0016403809314483458,-0.004182322710099107,0.0007738442446275449,-7.590020794254408,-3.6425212309850936,-0.6544598603700572,-0.21031131239838574,-1.5708004576927772,2.0182419458538154,-1.0,0.8614019117209679,0.798135847687164,0,zero,0,0.21031131239838574,0.27518982799134317,1.1254320163775047,1.3829162011486646,1.31677515838839,-0.37701614869340794,0.3143395904594868,1.1233580921251154,1.3885252671382111,1.2748783615463166,-0.688493714115915,0.6659555633292729,0.15949916363153252,-0.146901151610173,0.10866384508181018,0.6544344867256492,-0.5299016441654745,3.084376343390826,10.973287655884548,1.0,-1.2883018255233765,4.1308978806497976e-06,-1.4307290463477784e-07,0.0,0.0,0.0,0,0.20453705803222705,-2.796729684736222,6.516312987759375,8.651581073204111,0.20453705803222705,-2.830638514227254,5.428202919311449,6.6771781973302335,-0.004791558758953817,0.0027950074452766953,0.0023405553647049162,-0.005840666937542815,0.0360029404031017,0.18025576455837017,0.0,0.0,0.0,0.0,0.0,0.3835309544950817,-18.644864564908147,21.72104329253125,28.838603577347037,40.635536770716016,0.03390882949103213,1.088110068447926,1.9744028758738779,0.3835309544950817,-18.644864564908147,21.72104329253125,28.838603577347037,40.635536770716016,1.260000000000001
0.0,0.0,0.0,0.0,0.0,0.0,0.0,0.0,0.0,0.0,0.0,0.0,0,0.0,-1.5707963267948966,nan,0.13146683968153047,-0.2785904079940116,-0.1234726512574725,0.06583898904535301,-1.5708005575629262,0.14282487421158777,-0.30439725605685136,2.009508580576487,-0.124921157889299,1.4114522819379705,-0.5983208886510688,1.1938114569318203,0.457191276918123,0.028232897952334197,0.011358034530057293,-0.025806848062839782,-0.001448506631826496,0.006902809308977127,-0.002890103491527048,0.005161392844438478,0.003557541576671131,-14.23616574413909,-6.718133302810322,-0.6538838603597705,-0.07741478302099769,-1.5708006395854643,2.0117154923028715,-0.5398014419027509,-0.8466352633623331,-0.7991369768930877,0,zero,0,0.07741478302099747,0.14325377206635093,1.1320904354430033,1.384510920572204,1.3153063975843884,-0.37592969569614487,0.13548278342823694,1.1298841653243428,1.3746242102543929,1.334749743103106,-0.5096268394642804,0.6656998445783108,0.15943791791312537,-0.14684474337353803,0.10862211950090184,0.6538336189250527,-1.8095092500418417,7.477535495579318,21.409747711242364,1.0,-0.6264238953590393,4.312790567784219e-06,8.202253809486137e-08,0.0,0.0,0.0,1,0.09728985083516399,-0.3714354830086934,-7.5396764506481855,-9.0,0.09728985083516399,-2.5276220259489106,3.1174391941563426,3.9049881790034506,-0.002586490327045026,-0.002747093815712408,-0.0023434912036858087,-0.01623247229709665,0.11690691594498927,0.43014168940205166,0.0,0.0,0.0,0.0,0.0,0.18242987218294393,-2.4762365533912893,-25.132254835493953,-30.0,39.21473270650745,2.156186542940217,-10.657115644804527,-12.90498817900345,0.18242987218294393,-2.4762365533912893,-25.132254835493953,-42.010814074919644,49.0173822279433,1.270000000000001
0.0,0.0,0.0,0.0,0.0,0.0,0.0,0.0,0.0,0.0,0.0,0.0,0,0.0,-1.5707963267948966,nan,0.13630415368434373,-0.2938258238644624,-0.12445447459047773,0.0667989710247352,-1.5708005142422208,0.14088550427729044,-0.3055352085362339,2.0028535698924776,-0.12528238576816958,1.5653978981833827,-0.6776683937110589,1.4097463391068266,0.06205954541346481,0.012600948359752848,0.0045813505929467035,-0.011709384671771517,-0.000827911177691848,0.014607550318893764,-0.006433139048667276,0.012816553689209292,0.002780503521152473,-14.760873607311861,-6.847569160868666,-0.6608296154403202,0.08866651305683204,-1.5708010195107587,2.005146439223426,0.5139804296980155,-0.8614019117181376,-0.7981358132838761,0,zero,0,-0.08866651305683204,-0.021867542032096843,1.1387454453616521,1.3861048234907072,1.3138383887939231,-0.37484379896873754,0.1418091489597114,1.1364526467863736,1.3550665646800621,1.4161456858351749,-0.28170722577921486,0.6652737557841698,0.15933586785146883,-0.1467507537171793,0.10855259467181841,0.660769934589194,-1.9157041275011153,8.073307799356623,22.42944006300284,1.0,-0.2326163649559021,4.692715862120167e-06,5.052685381201627e-07,0.0,0.0,0.0,1,-0.007314305093721374,1.0360092342872145,-9.0,-9.0,-0.007314305093721374,-1.6951211555366292,-0.4554137205240084,-0.2593884195522409,0.0024627674298503726,-0.002795007445267512,-0.0023405552638163267,-0.018479101542271913,0.13907635772382487,0.4924494794440152,0.0,0.0,0.0,0.0,0.0,-0.013715179249430665,6.90672822858143,-30.0,-30.0,42.984916923609674,2.7311303898238437,-8.544586279475991,-8.740611580447759,-0.013715179249430665,6.90672822858143,-64.40221763687498,-101.40370054263738,120.32480709819531,1.280000000000001
0.0,0.0,0.0,0.0,0.0,0.0,0.0,0.0,0.0,0.0,0.0,0.0,0,0.0,-1.5707963267948966,nan,0.13931126925791382,-0.30562571567715857,-0.12113280922475517,0.06775821588367026,-1.5708004708167382,0.1389385677554594,-0.3066594270526935,1.9962036713848625,-0.12564327463793892,1.2331822176356038,-0.4954052095401118,1.0675673296236587,-0.36825542354919083,0.004642387732769529,-0.00037270150245441447,-0.0010337113755349292,-0.004510465413183756,0.01738399680194138,-0.007578048503117715,0.015633814633443942,-0.0006003046738261696,-10.021943108975712,-4.568284499367071,-0.6705265839437483,0.22351969144630646,-1.5708014407021287,1.9984830116501826,1.0,-0.8614019117209677,-0.7981358476871857,0,zero,0,-0.22351969144630646,-0.15576147556263642,1.1453953431968884,1.387697502043692,1.3123715076626918,-0.37375873637902735,0.3305538595086602,1.1431154844554456,1.3391945698666032,1.4836376873993824,-0.09523402018885789,0.6646774606330378,0.1591930526500947,-0.14661921874814485,0.10845529730320463,0.6704814139507453,-1.3132683637070066,5.5484546883054575,15.249205207309442,1.0,-0.3025195300579071,5.113907231901749e-06,9.698853906670024e-07,0.0,0.0,0.0,1,-0.07828148226152433,1.447738185402817,-9.0,-9.0,-0.07828148226152433,-0.7592161478984535,-3.374886373995213,-3.5088308977855522,0.004791558758953817,-0.002795007445276695,-0.00234055536470498,-0.014920519385323712,0.10624920598555765,0.370242703813161,0.0,0.0,0.0,0.0,0.0,-0.1467869534249472,9.651587902685447,-30.0,-30.0,43.510627385191306,2.2069543333012707,-5.6251136260047865,-5.491169102214448,-0.1467869534249472,9.651587902685447,-73.41714551559772,-115.40825201511232,137.12153946151236,1.290000000000001
0.0,0.0,0.0,0.0,0.0,0.0,0.0,0.0,0.0,0.0,0.0,0.0,0,0.0,-1.5707963267948966,nan,0.13930889926469864,-0.31117262576958726,-0.11819157163764601,0.06871647825774585,-1.5708004272997782,0.13698467561820668,-0.3077695867193395,1.989560586026159,-0.12600373145044982,0.5864672107444207,-0.1951522144037543,0.4436750425782676,-0.3301694399620053,0.00883247028170547,-0.0023242236464919575,0.003403039050247747,-0.0078121598128038094,0.015012134348596858,-0.006341822813402637,0.013356736844013187,-0.002596736795192788,-2.173733663738073,-0.9731651918670774,-0.6779172311624588,0.2836481380672149,-1.5708016398489253,1.9917280046551857,1.0,-0.8614019117209679,-0.798135847687164,0,zero,0,-0.2836481380672149,-0.21493165980946927,1.1520384279763836,1.3892885488411175,1.3109061294031077,-0.37267478547435196,0.4179225320175941,1.149870188684961,1.331106332734184,1.5144748255150442,-0.01235665215527484,0.663911188285581,0.15900952719394817,-0.14645018901630255,0.1083302647871637,0.6779068651475115,-0.44902425904030774,1.2803414505537907,3.2129507117281744,1.0,-0.48248711228370667,5.313054028732722e-06,1.2125491473113925e-06,0.0,0.0,0.0,1,-0.08612367334035169,1.3441091699645136,-9.0,-9.0,-0.08612367334035169,-0.010178634551680218,-5.364945056087321,-5.590868103839428,0.004791558758953817,-0.0027950074452766953,-0.0023405553647049162,-0.009137152687648913,0.04116363249561035,0.13171703513785193,0.0,0.0,0.0,0.0,0.0,-0.16149198076195703,8.960727799763424,-30.0,-30.0,43.36266507447742,1.3542878045161937,-3.635054943912679,-3.409131896160572,-0.16149198076195703,8.960727799763424,-56.82416513636412,-86.71655461918952,104.06280464617971,1.300000000000001
0.0,0.0,0.0,0.0,0.0,0.0,0.0,0.0,0.0,0.0,0.0,0.0,0,0.0,-1.5707963267948966,nan,0.1361165419497602,-0.30968125760080445,-0.1191581438484279,0.06967351316001635,-1.5708003837047544,0.13502444722454407,-0.3088653773315334,1.9829260121698038,-0.12636366336867136,0.29290859805043173,0.12321289212758324,-0.2587158780976706,0.060664029256035645,0.007333337784340778,-0.001092094725216125,0.000815880269271041,-0.007205519520243453,0.008042598869902043,-0.003400444206189633,0.007167033896881146,-0.0013243869916673206,6.97470834627125,3.0656920079448207,-0.68148412723987,0.24794658883052456,-1.5708014274535957,1.9849163904418,1.0,-0.8614019117209679,-0.7981358476871638,0,zero,0,-0.24794658883052456,-0.17827307567050799,1.1586730013467876,1.3908775571202003,1.3094426286498708,-0.3715922233747107,0.3651631137449695,1.1566820034250895,1.332724363473968,1.4971163674469332,-0.0637986084281476,0.6629752333769446,0.15878536204938803,-0.14624372951434042,0.10817754519925729,0.6815145485553564,0.5983725694289381,-3.8152112472835,-10.835565166201544,1.0,-0.3302437961101532,5.1006586989643665e-06,1.0437488411341178e-06,0.0,0.0,0.0,0,-0.015977006912077117,0.5821465552651536,-7.400592930065427,-8.923849478769993,-0.015977006912077117,0.35213997258226026,-6.308549008516559,-6.733843746590156,0.004791558758953817,-0.0027950074452766953,-0.002340555364704916,0.007281125344234167,-0.0498404959564677,-0.1761717555676779,0.0,0.0,0.0,0.0,0.0,-0.02995876038266851,3.880977035101024,-24.66864310021809,-29.74616492923331,38.83862974768024,0.2300065826828933,-1.0920439215488678,-2.190005732179837,-0.02995876038266851,3.880977035101024,-24.66864310021809,-29.74616492923331,38.83862974768024,1.310000000000001
0.0,0.0,0.0,0.0,0.0,0.0,0.0,0.0,0.0,0.0,0.0,0.0,0,0.0,-1.5707963267948966,nan,0.130000751566292,-0.3013297339095486,-0.12221184133804758,0.07062907607544755,-1.5708003400451884,0.13305850984481216,-0.309946503587108,1.9763016448954034,-0.12672297780419017,1.0651566317414802,0.414985300373627,-0.9432649946830463,0.26943830541008573,0.01019553615962042,0.003057758278520145,-0.008616769677559422,-0.004511136466142596,0.001831185216978852,0.0004987231833224973,-0.0015077421726517005,0.0009117170756907482,13.831033858818504,5.96712465298601,-0.6794668651051448,0.12218043350479513,-1.5708008938583526,1.9780969620904507,0.7391210577708577,0.8094088372096637,0.7992473813131007,0,zero,0,-0.1221804335047949,-0.051551357429347355,1.1652973682284755,1.3924641209022275,1.307981379315541,-0.37051132666593,0.18390999217074333,1.1635019982867065,1.3457508454528178,1.4313117510126634,-0.2423428782051162,0.661869956016746,0.15852064346418512,-0.14599991967776496,0.10799719729850454,0.679518513838619,1.7622456459548552,-8.111599460318848,-21.41268726507471,1.0,-0.22059792280197144,4.5670634563066415e-06,5.538131642168764e-07,0.0,0.0,0.0,1,0.11253488223991644,-1.2047972818181096,5.110916461492002,9.0,0.11253488223991644,0.19366479518088825,-4.260577688369004,-3.9764729031804764,0.0035415419782891633,0.0026263045106946384,0.002343814967689515,0.015452383169979541,-0.12622501209731854,-0.4300456001792947,0.0,0.0,0.0,0.0,0.0,0.21101609270563743,-8.031981878787398,17.036388204973342,30.0,35.42309675569182,-1.398462076998998,9.371494149861007,12.976472903180476,0.21101609270563743,-8.031981878787398,17.036388204973342,42.57454402296519,46.55521004706676,1.320000000000001
0.0,0.0,0.0,0.0,0.0,0.0,0.0,0.0,0.0,0.0,0.0,0.0,0,0.0,-1.5707963267948966,nan,0.12289166860908415,-0.2902294144029093,-0.12239427796906999,0.07158292305536751,-1.570800296334697,0.1310874981738065,-0.31101268528535014,1.969689175353995,-0.12708158245459683,1.3208124896499533,0.5138071286202195,-1.2166501204881441,-0.017616801938424853,0.022827325602595917,0.00819582956472234,-0.020783270882440863,-0.004687304485526844,0.009855065333098309,0.003751223752348672,-0.009100056216441076,0.0004894996803506396,14.339209282430183,6.071745162021797,-0.6715455540113192,-0.03703707832914738,-1.5708003537534703,1.9713389114525817,-0.3695934888818111,0.8614019064757085,0.7981358028872768,0,zero,0,0.03703707832914738,0.10862000138451489,1.1719098374702894,1.3940478351493701,1.306522754446108,-0.3694323712928289,0.10917219736795747,1.1702605594652573,1.368317280819779,1.3403157744763479,-0.46998991169303034,0.6605957817890804,0.15821547336752353,-0.1457188533849025,0.10778929052738288,0.6715872657993698,2.4701918535873637,-9.266375240734144,-22.367919071980822,1.0,-0.44851717352867126,4.026958573710715e-06,5.741877329157319e-08,0.0,0.0,0.0,1,0.24185237501716192,-3.8055853118745566,9.0,9.0,0.24185237501716192,-0.6141862885310766,-0.5825190412915364,0.20166989335954827,-0.001770928918903942,0.0027950074282573007,0.002340555233328013,0.02149802482025312,-0.1566966708302346,-0.4915632607925615,0.0,0.0,0.0,0.0,0.0,0.45350154700386636,-25.37056874583038,30.0,30.0,49.43552793427051,-3.19139902334348,9.582519041291537,8.798330106640451,0.45350154700386636,-25.37056874583038,54.97500813554032,102.43903022346078,118.9952850106502,1.330000000000001
0.0,0.0,0.0,0.0,0.0,0.0,0.0,0.0,0.0,0.0,0.0,0.0,0,0.0,-1.5707963267948966,nan,0.11712751600316958,-0.28182671134846876,-0.1194400586975945,0.07253481081190793,-1.5708002525869835,0.12911205383334584,-0.3120636575044156,1.9630902901132967,-0.12743938534077023,1.0709611443482656,0.37887082654539245,-0.945367527350599,-0.3312022157648892,0.033494645640531506,0.011984537830176265,-0.030236946155946853,-0.007999326643175736,0.013459635540987279,0.005017740531288223,-0.012347301047798843,-0.001878357179000003,9.539599845315303,3.9647446843354657,-0.6614759649720764,-0.16489657442818983,-1.570799975801098,1.964683137148961,-1.0,0.8614019117209704,0.7981358476871746,0,zero,0,0.16489657442819006,0.23743138524009755,1.1785087225042858,1.3956282959214992,1.3050671260765647,-0.3683556324523842,0.290890009659073,1.1769165946620503,1.3916903391746385,1.2592144541916837,-0.6555776508041583,0.6591532017525187,0.15786996937000022,-0.14540063895689873,0.10755390501182777,0.6614964240485852,2.0867794109929045,-6.917495017081265,-15.161404212507902,1.0,-0.9476528763771057,3.6490062012006774e-06,-2.767858857666283e-07,0.0,0.0,0.0,1,0.29698267553813107,-4.5,9.0,9.0,0.29698267553813107,-1.70389296918364,2.631505865680082,3.468361575074824,-0.004791558758953817,0.002795007445276703,0.0023405553647049475,0.020497065372410174,-0.1289869081826339,-0.36825792268186364,0.0,0.0,0.0,0.0,0.0,0.5568773214665874,-30.0,30.0,30.0,51.964508198877084,-2.7961070308163603,6.368494134319918,5.531638424925176,0.5568773214665874,-35.15551379622756,69.1244278108,116.0800712521218,139.6029717616931,1.340000000000001
0.0,0.0,0.0,0.0,0.0,0.0,0.0,0.0,0.0,0.0,0.0,0.0,0,0.0,-1.5707963267948966,nan,0.11402207327401921,-0.2795088940973091,-0.1173210208247985,0.07348449681245461,-1.5708002088158288,0.1271328248650414,-0.3130991707568788,1.9565066705029632,-0.12779629484404595,0.43178117502645486,0.11262137608459288,-0.33533305036228533,-0.24759473760717077,0.037549032732232195,0.013110751591022193,-0.03359027665956971,-0.010475274019247444,0.011588260260198048,0.004088732948948839,-0.010448594909924815,-0.002897741040631261,1.6981274177974772,0.6927504836001033,-0.652125355651019,-0.21892473487357123,-1.5707997817099746,1.9581305848777069,-1.0,0.8614019117209679,0.798135847687164,0,zero,0,0.21892473487357123,0.29240923168602606,1.185092342000479,1.3972051005329984,1.3036148650864787,-0.3672813844868961,0.38053653154256367,1.183469197378363,1.404462511522531,1.2180494119442804,-0.7379986628194275,0.6575427724401086,0.1574842647636253,-0.14504539915771883,0.10729113156123282,0.6521265573076611,0.6194897982851026,-1.9866660401100493,-3.201170059082785,1.0,-1.2323261499404907,3.4549150780271987e-06,-4.271058542393291e-07,0.0,0.0,0.0,1,0.2619259416750351,-4.409138745554436,9.0,9.0,0.2619259416750351,-2.630315427183567,4.871554577394243,5.566127949432924,-0.004791558758953817,0.0027950074452766953,0.0023405553647049162,0.01154220813800905,-0.05573522888277148,-0.13109324864681676,0.0,0.0,0.0,0.0,0.0,0.4911418370055036,-29.394258303696244,30.0,30.0,51.616505514500616,-1.7788233183708693,4.128445422605757,3.433872050567076,0.4911418370055036,-29.394258303696244,55.2891635922376,87.53412765306675,107.62610629508562,1.350000000000001
0.0,0.0,0.0,0.0,0.0,0.0,0.0,0.0,0.0,0.0,0.0,0.0,0,0.0,-1.5707963267948966,nan,0.1139592123119794,-0.2846044655505492,-0.11876646280271505,0.07443173937409586,-1.570800165035079,0.12515046521404183,-0.3141189911231717,1.9499399919598466,-0.1281522197432676,0.46350048116951637,-0.19194986889597698,0.4075751086947188,0.1089517078694896,0.03293089422779223,0.011191252902062424,-0.02951452557262252,-0.009385756940552548,0.004638814674332932,0.001443601168088296,-0.004241056374861579,-0.0012033528474834874,-7.422994519427823,-2.9723041128284224,-0.6449156777013357,-0.1788077829711845,-1.5707997796139495,1.951662359043304,-0.9930740162546398,0.8614019117209679,0.7981358476871638,0,zero,0,0.17880778297118471,0.2532395223452806,1.1916590205215858,1.398777847709578,1.302166341055563,-0.36620990077715376,0.3279515719698655,1.1899373261270574,1.3991436310534304,1.2342111214933762,-0.6870388640312809,0.655765115859374,0.15705850852182174,-0.1446532711941475,0.10700107166844973,0.6448983439421933,-1.2955354782257662,4.045975227582862,10.746405453201447,1.0,-0.9719808101654053,3.4528190528959612e-06,-3.8542112967832054e-07,0.0,0.0,0.0,1,0.1677425334991138,-1.880406361507646,5.541307673106778,9.0,0.1677425334991138,-2.845235920692534,5.61880398051187,6.73518015426974,-0.004758372500874364,0.0027950074452766953,0.002340555364704916,-0.011136170058057698,0.05107677251052939,0.17470107825693298,0.0,0.0,0.0,0.0,0.0,0.31453690886764263,-12.536042410050975,18.471025577022594,30.0,37.395589026523695,0.9648295591848879,-0.07749630740509161,2.26481984573026,0.31453690886764263,-12.536042410050975,18.471025577022594,31.253773567252985,38.40870267053784,1.360000000000001
0.0,0.0,0.0,0.0,0.0,0.0,0.0,0.0,0.0,0.0,0.0,0.0,0,0.0,-1.5707963267948966,nan,0.11667942747457101,-0.29691077152310497,-0.12176527543153734,0.07537629775807053,-1.5708001212586349,0.12316563420453552,-0.31512290036269863,1.9433919233732493,-0.12850706925171676,1.2524862169870281,-0.470504617209791,1.1302396733028852,0.26439631203731273,0.02047447920039984,0.006486206729964514,-0.018212128839593666,-0.00674179382017942,0.005264303066456558,-0.0021704552174405256,0.004699243128020052,0.0009587100439368695,-14.363371723805905,-5.644577330427036,-0.6432197980103391,-0.04951621478337809,-1.5707999975648257,1.9452379287852415,-0.056097055669882684,-0.8619690191674643,-0.7992975918536692,0,zero,0,0.04951621478337831,0.1248925125414484,1.1982070891777703,1.4003461377450903,1.3007219221192496,-0.36514145363560047,0.14631700757223215,1.1963614883056992,1.37795277532323,1.3034521249564388,-0.5096971307092618,0.653820919492314,0.1565928652994252,-0.14422440671578857,0.10668383750978803,0.643182316713775,-2.4848078715002937,8.337499421937412,21.285376146849504,1.0,-0.4047918915748596,3.6707699289095785e-06,-1.2369380897325755e-07,0.0,0.0,0.0,1,0.0535093376628548,0.8483251962538217,-9.0,-9.0,0.0535093376628548,-2.202948981946699,2.826291989043334,3.990347871465734,-0.00026879233844654624,-0.0027968475497780454,-0.0023439622114832036,-0.02120042114142073,0.13179620754084156,0.4273605048456268,0.0,0.0,0.0,0.0,0.0,0.10033627913529872,5.6555013083588115,-30.0,-30.0,42.80180793398521,3.051274178200521,-11.826291989043334,-12.990347871465733,0.10033627913529872,5.6555013083588115,-31.166201141921093,-40.51899810345589,51.43069184197608,1.370000000000001
0.0,0.0,0.0,0.0,0.0,0.0,0.0,0.0,0.0,0.0,0.0,0.0,0,0.0,-1.5707963267948966,nan,0.12020377967435221,-0.3117761854326735,-0.12122138178383415,0.07631793226421402,-1.5708000775004436,0.12117899600780431,-0.3161106960024661,1.936864126430176,-0.12886075305391814,1.4958774992336275,-0.5510990396512413,1.387761826980105,-0.08975774499045686,0.008837365115172073,0.0009752163334521002,-0.004334510569792616,-0.007639371270083989,0.013377949746918789,-0.0051119162487158285,0.012362693743111011,4.0683058432675924e-05,-15.024211986741383,-5.792596188642956,-0.6489382128938164,0.11431932338259432,-1.5708003952959635,1.9387819359812446,0.9207320269773159,-0.8614019117437116,-0.7981358006246958,0,zero,0,-0.11431932338259454,-0.0380013911183803,1.2047348862813907,1.401909572658343,1.29928197482426,-0.3640763141994988,0.1319125558293764,1.202817027305615,1.3530954171627052,1.3911636867574122,-0.2830073717007322,0.6517109362954057,0.1560875154326848,-0.14375897181506578,0.10633955194501574,0.648890765194343,-2.334998001136058,8.537548568648896,22.304760715468394,1.0,-0.16803817451000214,4.06850106671186e-06,3.1779551967758835e-07,0.0,0.0,0.0,1,-0.047560463166696834,2.223119587045636,-9.0,-9.0,-0.047560463166696834,-1.0750943034880571,-0.8583409517544616,-0.189119093606602,0.00441174160851246,-0.002795007445350492,-0.0023405552266929316,-0.0218208404047122,0.14802606953839215,0.48983811974520824,0.0,0.0,0.0,0.0,0.0,-0.08918144227769892,14.820797246970908,-30.0,-30.0,44.94067182814992,3.2982138905336935,-8.141659048245538,-8.810880906393399,-0.08918144227769892,14.820797246970908,-70.04363417988047,-100.39261416270294,123.3063325701958,1.380000000000001
0.0,0.0,0.0,0.0,0.0,0.0,0.0,0.0,0.0,0.0,0.0,0.0,0,0.0,-1.5707963267948966,nan,0.12231370072831832,-0.3235321271996948,-0.11709645740810481,0.0772564043254127,-1.5708000337744872,0.11919121910363081,-0.3170821914031055,1.930358254960597,-0.12921318134230866,1.2375059549933936,-0.40976979581396067,1.0784446366381928,-0.447735266411986,0.014077164564440659,-0.0031224816246875065,0.006449935796589312,-0.012116723934203849,0.016839512376103795,-0.006128895376530732,0.015404163172370249,-0.0029525540617379564,-10.256994284285778,-3.877784788551978,-0.6570573626131386,0.24822098960385097,-1.5708008131771651,1.9322458885126998,1.0,-0.8614019117209726,-0.7981358476871725,0,zero,0,-0.2482209896038512,-0.17096458527843827,1.2112407580017404,1.4034677563499127,1.297846863984177,-0.36301475232409686,0.3187929219088201,1.209352573802719,1.3349151557318737,1.4607457502349777,-0.09770388630774632,0.6494359846995992,0.15554265493926184,-0.14325714702722156,0.10596834851735834,0.6570200838351294,-1.4152362743393079,5.5928183905201045,15.1431274307721,1.0,-0.42272695899009705,4.48638226835385e-06,7.794026779528451e-07,0.0,0.0,0.0,1,-0.11078532311512664,2.3025773437163126,-9.0,-9.0,-0.11078532311512664,0.016085311765411243,-3.6866692020069647,-3.460077067119703,0.004791558758953817,-0.0027950074452767104,-0.0023405553647049414,-0.016085311765411243,0.10828932117327164,0.3678555069175063,0.0,0.0,0.0,0.0,0.0,-0.20773546430738166,15.350515624775419,-30.0,-30.0,45.118527058954456,2.2864920319509014,-5.313330797993036,-5.539922932880296,-0.20773546430738166,15.350515624775419,-76.4102314685709,-114.32501203206208,138.36333811086422,1.390000000000001
0.0,0.0,0.0,0.0,0.0,0.0,0.0,0.0,0.0,0.0,0.0,0.0,0,0.0,-1.5707963267948966,nan,0.12200753898479993,-0.329285817185741,-0.11415369549817209,0.0781914766020484,-1.570799990094774,0.11720297573585972,-0.3180372158022118,1.9238759542826993,-0.12956426485377737,0.6058548313417765,-0.1682081624252707,0.4798665586939921,-0.3293845421401431,0.01967486998591155,-0.0048045632489402135,0.011248601383529233,-0.01541056935560528,0.015002060198632235,-0.005198117939691126,0.013444756858936452,-0.004156909079175056,-2.2786364689181218,-0.8442903698193903,-0.6626155045222194,0.30846661570045053,-1.5708010025794483,1.9256357787236063,1.0,-0.861401911720968,-0.7981358476871638,0,zero,0,-0.30846661570045075,-0.23027513909840192,1.217723059019796,1.4050202947589605,1.296416952535017,-0.3619570364757927,0.40418521886260056,1.215962419068637,1.327681391736883,1.4898437606511061,-0.015593996768415589,0.6469969486103239,0.15495849551823124,-0.14271912733031852,0.10557037145349994,0.6626063817563593,-0.24305263043375788,0.9709258402564296,3.1578976141618313,1.0,-0.6686559915542603,4.675784551544382e-06,1.012484674323133e-06,0.0,0.0,0.0,1,-0.10931257399307467,1.730100917196125,-9.0,-9.0,-0.10931257399307467,0.7311232742331739,-5.5729592009119235,-5.560230481175179,0.004791558758953817,-0.0027950074452766957,-0.002340555364704916,-0.008102347587166141,0.0371857818795504,0.13032150728738814,0.0,0.0,0.0,0.0,0.0,-0.20497388710495906,11.534006114640833,-30.0,-30.0,43.96675234022826,0.9989776429629511,-3.4270407990880765,-3.4397695188248214,-0.20497388710495906,11.534006114640833,-56.72493481866616,-85.66027079556866,103.3850837127825,1.400000000000001
0.0,0.0,0.0,0.0,0.0,0.0,0.0,0.0,0.0,0.0,0.0,0.0,0,0.0,-1.5707963267948966,nan,0.11911862314867826,-0.3281683267395272,-0.11584825173230917,0.07912291307645303,-1.570799946475322,0.11521494136291896,-0.31897561433496896,1.9174188605481461,-0.12991391490606058,0.2616684838215338,0.09008814631809164,-0.20558889789709656,0.1344906181853872,0.01725072674859859,-0.003903681785759297,0.009192712404558268,-0.014065663173751408,0.008314081498868205,-0.0028597628718407897,0.007579164352126862,-0.001871356516036671,7.015984026534846,2.546710865925954,-0.6641438851435134,0.2738454845319147,-1.5708007859240714,1.9189887841467976,1.0,-0.861401911720968,-0.7981358476871638,0,zero,0,-0.2738454845319147,-0.19472257145546168,1.2241801531829601,1.4065667960200445,1.2949926013908026,-0.36090343362530075,0.34889913675076384,1.2226095871423994,1.3328845185116491,1.4678966271799667,-0.0669591178190305,0.6443947774074836,0.1543352645500805,-0.14214512214523825,0.1051457756635824,0.6641678127437433,1.0444513256121684,-4.348192495586613,-10.767637152756276,1.0,-0.4785086214542389,4.459129174794185e-06,8.394487496232728e-07,0.0,0.0,0.0,0,-0.0294524905166745,0.48246737593996886,-6.499716868446993,-8.673283210698251,-0.0294524905166745,0.9279199692551259,-6.262768362421552,-6.669795520542582,0.004791558758953817,-0.0027950074452766957,-0.002340555364704916,0.010127434664745163,-0.058033804560659326,-0.17550173416952522,0.0,0.0,0.0,0.0,0.0,-0.05522687139822707,3.216449172933126,-21.66572289482331,-28.91094403566084,36.2711294127681,-0.445452593315157,-0.23694850602544104,-2.0034876901556693,-0.05522687139822707,3.216449172933126,-21.66572289482331,-28.91094403566084,36.2711294127681,1.410000000000001
0.0,0.0,0.0,0.0,0.0,0.0,0.0,0.0,0.0,0.0,0.0,0.0,0,0.0,-1.5707963267948966,nan,0.113800758032918,-0.32012357905419475,-0.12021999108767303,0.08005047914735619,-1.5707999029301545,0.1132277941041106,-0.31989724803207564,1.9109886000873315,-0.13026204343399936,1.0376855045173474,0.3330717856951895,-0.8966381382439159,0.40236108274250837,0.01006093080791464,-0.0005729639288074018,0.00022633102211910838,-0.010042052346326324,0.0017326201121330349,0.00031341528167954703,-0.0009231774374432479,0.0014323012019730134,13.925865364292134,4.950598238496188,-0.6600111579491904,0.1504214340397907,-1.570800254592052,1.9123557067037424,0.35508547089620396,0.8529011212736137,0.7991669840864419,0,zero,0,-0.15042143403979047,-0.0703709548924345,1.2306104141598069,1.4081068706199356,1.293574169299132,-0.35985420914081634,0.16562275859203637,1.2292431419142655,1.351086718436733,1.3966453163889043,-0.24343226270095697,0.64163048594546,0.1536732050967104,-0.14153535533568215,0.10469472674120589,0.6600507260823145,2.3027471711157856,-8.62492723590385,-21.101831652250553,1.0,-0.2057776153087616,3.9277971555229385e-06,3.516618978238739e-07,0.0,0.0,0.0,1,0.1054088258534081,-1.7011793364835879,6.653488054206304,9.0,0.1054088258534081,0.4962395862219485,-3.8142256459509296,-3.9070568952166194,0.0017014128982499467,0.0027674247660792193,0.0023435792006071205,0.019197765722449137,-0.13502039655627487,-0.424641642496144,0.0,0.0,0.0,0.0,0.0,0.19765390184400544,-11.341195576557253,22.178293514021014,30.0,38.99408272244268,-2.1974189227055363,10.467713700157233,12.90705689521662,0.19765390184400544,-11.341195576557253,22.178293514021014,42.77789045403531,49.50238781172225,1.420000000000001
0.0,0.0,0.0,0.0,0.0,0.0,0.0,0.0,0.0,0.0,0.0,0.0,0,0.0,-1.5707963267948966,nan,0.10755490502600955,-0.30895332536752756,-0.12207656579714343,0.08097394172433603,-1.5707998594732901,0.11124221418247132,-0.3208019937950271,1.9045867887546386,-0.13060856302564672,1.289324648520392,0.42602730852691756,-1.207499944961865,0.15100551178230393,0.01505928846351444,0.003687309156461774,-0.011848668427499542,-0.008531997228503285,0.00937675149930065,0.003043738516757658,-0.00865014151919,0.0019581052625505576,14.368749949349096,5.0022456776308735,-0.6503161860909344,-0.005455805462474261,-1.5707997162452085,1.9058043959471764,-0.8138245103548594,0.8614019117946144,0.7981358133271881,0,zero,0,0.005455805462474039,0.08642974718681007,1.2370122260948264,1.40964013155443,1.2921620126967537,-0.3588096266811817,0.11240031244178884,1.235794855352489,1.3787297211300333,1.3018803915980437,-0.46643140832604096,0.6387051545531082,0.15297257590143407,-0.14089006520817043,0.10421740096342828,0.6503461951779742,2.938888183682937,-9.534888707490802,-21.810578701359614,1.0,-0.26395517587661743,3.3894503119746844e-06,-1.4322808183919733e-07,0.0,0.0,0.0,1,0.22979058357893037,-4.462588397965345,9.0,9.0,0.22979058357893037,-0.599811150971195,-0.0736135070201295,0.24818445406749778,-0.0038994879608421277,0.0027950074455156577,0.00234055526394334,0.024938362864673283,-0.16200021186483227,-0.48071356009177957,0.0,0.0,0.0,0.0,0.0,0.4308842744776493,-29.75058931976897,30.0,30.0,51.819718506872874,-3.8627772469941504,9.073613507020129,8.751815545932502,0.4308842744776493,-29.75058931976897,60.43334445923726,101.32472949510749,121.672400962244,1.430000000000001
0.0,0.0,0.0,0.0,0.0,0.0,0.0,0.0,0.0,0.0,0.0,0.0,0,0.0,-1.5707963267948966,nan,0.1023111057906958,-0.3000948883947231,-0.12082005226776896,0.08189306932227614,-1.5707998161187262,0.10925888336499791,-0.32168974434886627,1.8982150312736958,-0.13095338695822917,1.040111086736916,0.3260468417840334,-0.9746187526643635,-0.16013374619569254,0.024845399752289207,0.006947777574302108,-0.021594855954143177,-0.01013333469046021,0.012943633367799807,0.004195379292369213,-0.012242551479541864,0.00023742498593759716,9.452172941515231,3.2225926983730866,-0.6387368414112907,-0.12974918305701988,-1.5707993418804242,1.8993713250326718,-1.0,0.8614019117209686,0.7981358476871864,0,zero,0,0.12974918305701966,0.21164225237929601,1.2433839842631706,1.4111661944851646,1.2907564855651354,-0.3577699480890511,0.2963128188160929,1.2422281092542966,1.4059323949878397,1.2199531304291313,-0.6454493578354027,0.6356199290337615,0.15223365138897804,-0.14020950451204328,0.10371398529076578,0.6387505239703136,2.409795472100675,-6.873510250959391,-14.450137900698927,1.0,-0.6584765315055847,3.015085527913186e-06,-4.742383019618046e-07,0.0,0.0,0.0,1,0.26821308708753405,-4.5,9.0,9.0,0.26821308708753405,-1.814438242402169,3.0126826227282564,3.49207685036189,-0.004791558758953817,0.0027950074452766974,0.002340555364704982,0.022964421707261304,-0.12930825644471908,-0.35376100861260146,0.0,0.0,0.0,0.0,0.0,0.5029309714748436,-30.0,30.0,30.0,51.963958082136784,-2.685561757597831,5.987317377271744,5.50792314963811,0.5029309714748436,-38.97963691846053,72.9182119093658,113.55823994560785,140.47136548585445,1.440000000000001
0.0,0.0,0.0,0.0,0.0,0.0,0.0,0.0,0.0,0.0,0.0,0.0,0,0.0,-1.5707963267948966,nan,0.09920537823430299,-0.29711593566860933,-0.1200946843652334,0.08280763215580889,-1.5707997728804342,0.10727848440103689,-0.3225604081725399,1.8918749205826337,-0.1312964292339547,0.415059180483378,0.1125328592431793,-0.38496165497873824,-0.10684101782610922,0.028949530432919965,0.008073106166733901,-0.02544447250393056,-0.011201744868721303,0.011292903085108899,0.0035408716611335664,-0.01070915806222325,-0.0005530113627784574,1.4967893841729172,0.49978591125441846,-0.6278527795273406,-0.180820220323892,-1.5707991681593214,1.8930559503765496,-1.0,0.8614019117209679,0.798135847687164,0,zero,0,0.18082022032389222,0.26362785247970066,1.2497240957253961,1.4126846778964304,1.289357939286039,-0.35673543328405644,0.37942572747791803,1.2485435169311414,1.421101320675559,1.181034247248441,-0.7202703377616458,0.6323760206652302,0.15145672166548202,-0.1394939404394604,0.10318467736719285,0.6278540220269067,0.8079815902005479,-1.6473968274160262,-2.417439257016845,1.0,-0.9017130732536316,2.8413644246327863e-06,-6.047211127402363e-07,0.0,0.0,0.0,1,0.21749986915469216,-4.5,9.0,9.0,0.21749986915469216,-2.760788619924432,5.12418215782687,5.573543117496173,-0.004791558758953817,0.0027950074452766953,0.0023405553647049162,0.013028029538488887,-0.051120126104317994,-0.11477656917445532,0.0,0.0,0.0,0.0,0.0,0.40783774452408056,-30.0,30.0,30.0,51.96312472923331,-1.739211380075568,3.87581784217313,3.4264568825038273,0.40783774452408056,-32.19812285938186,56.53648897827618,84.00575010071125,106.25547554487534,1.450000000000001
0.0,0.0,0.0,0.0,0.0,0.0,0.0,0.0,0.0,0.0,0.0,0.0,0,0.0,-1.5707963267948966,nan,0.0985658570342778,-0.30142463072301434,-0.12232843492333281,0.08371740223377522,-1.5707997297723446,0.10530170045961026,-0.3234139094070656,1.8855680371793426,-0.13163760461566637,0.4160345751347077,-0.1337262741401432,0.34551938198792986,0.18925751763877452,0.02481049382934825,0.006735843425332469,-0.02198927868405126,-0.009309169692333558,0.005123413502645914,0.0014664771201571957,-0.004827432171189857,0.0008914647540487052,-7.609334738670914,-2.4882997719610853,-0.6190596661543984,-0.1394118886882303,-1.5707992127861405,1.8868399701839698,-1.0,0.8614019117209679,0.7981358476871638,0,zero,0,0.1394118886882305,0.22312929092200573,1.256030979982211,1.414195203251987,1.2879667224970892,-0.3557063401559725,0.3182701047617066,1.2547594496368961,1.417102994017754,1.2018161274143817,-0.6620784382905228,0.6289747061997976,0.15064209251849775,-0.13874365462540023,0.10262968552014139,0.6190491514873373,-1.192935822181766,4.564305601488602,11.3772197373626,1.0,-0.6344245076179504,2.8859912442058544e-06,-5.169862040688145e-07,0.0,0.0,0.0,0,0.11607719240473427,-2.1834878851771022,5.131914338594688,8.116818976349794,0.11607719240473427,-3.006998667108381,5.6974220337325105,6.5686012256100454,-0.004791558758953817,0.0027950074452766953,0.002340555364704916,-0.010333960481106227,0.05918317225440907,0.18933267732004458,0.0,0.0,0.0,0.0,0.0,0.21765833940508958,-14.556585901180682,17.106381128648962,27.056063254499314,35.165329550584765,0.8235107819312786,-0.5655076951378222,1.5482177507397488,0.21765833940508958,-14.556585901180682,17.106381128648962,27.056063254499314,35.165329550584765,1.460000000000001
0.0,0.0,0.0,0.0,0.0,0.0,0.0,0.0,0.0,0.0,0.0,0.0,0,0.0,-1.5707963267948966,nan,0.10008214692838703,-0.31256167578472893,-0.12534409548392406,0.08462215345367285,-1.570799686808342,0.1033292145664577,-0.32425018774174347,1.8792959484667313,-0.1319768286623413,1.120002964601592,-0.3488775787261797,1.0300766727036725,0.26764365139163027,0.013825986743504229,0.003247067638070672,-0.011688511957014536,-0.006632733178417255,0.004551525332568195,-0.001345817172401803,0.0036424430057629582,0.002374398437762066,-14.329907429169596,-4.588520437105955,-0.6157020120474391,-0.012406761073251893,-1.5707994917633108,1.880683525799055,-0.10508873426111057,-0.861869400186103,-0.7989402619009144,0,zero,0,0.012406761073251893,0.09702891452692475,1.2623030696292168,1.4156973951518763,1.286583180947348,-0.35468292445788263,0.12809886126391407,1.2609157213786424,1.3966733653665129,1.276377197160994,-0.48094185565730874,0.625417327864226,0.1497900854169908,-0.13795894314766136,0.102049228760502,0.6156757574403295,-2.4239525428065516,8.862376396773595,21.485045010606342,1.0,-0.24752752482891083,3.164968414459679e-06,-1.950450312371288e-07,0.0,0.0,0.0,1,0.002636703570846005,0.605377472314144,-9.0,-9.0,0.002636703570846005,-2.3962297630972014,2.821210331269468,3.7649573130669873,-0.0005035388451161944,-0.002796524314142267,-0.002342914331551092,-0.02072330633376611,0.14044956267631253,0.43348189085593425,0.0,0.0,0.0,0.0,0.0,0.004944128203348969,4.0358498154276266,-30.0,-30.0,42.61793176794354,3.0016072354113454,-11.821210331269468,-12.764957313066986,0.004944128203348969,4.0358498154276266,-34.21710532719216,-44.27382150526479,56.100531867615125,1.470000000000001
0.0,0.0,0.0,0.0,0.0,0.0,0.0,0.0,0.0,0.0,0.0,0.0,0,0.0,-1.5707963267948966,nan,0.10206723373206313,-0.3256655995788178,-0.12450976286812948,0.08552166169611297,-1.5707996440022474,0.10136170904154139,-0.32506919827869146,1.873060208097982,-0.13231401776443014,1.2958184401643449,-0.3952592328592408,1.2284913257140873,-0.11715217178834003,0.007858743798226339,-0.000705524690521736,0.0005964013001263369,-0.007804254896300655,0.011199224654012508,-0.003526032335799412,0.0105994776727352,0.000800501020065859,-14.700639283315935,-4.6074302115609855,-0.619615058127868,0.14560186717877865,-1.570799940524087,1.8745132098397106,0.9021883617299842,-0.8614019117552721,-0.7981358276100323,0,zero,0,-0.14560186717877865,-0.06008020548266568,1.2685388110116573,1.4171908814892373,1.2852076573528843,-0.3536654396993437,0.13722042167518986,1.2670856844820562,1.3721712329705762,1.3690205620793052,-0.25479198119514257,0.6217052933597526,0.14890103751133923,-0.1371401165268614,0.101443536782623,0.6195791376825579,-2.3185562121785708,9.008982894562894,22.09618049156496,1.0,-0.157832533121109,3.613729190554693e-06,2.9652183952677547e-07,0.0,0.0,0.0,1,-0.09545687678970914,2.0408797508846286,-9.0,-9.0,-0.09545687678970914,-1.278093809632445,-0.8783871336375807,-0.36298481303266256,0.0043228885468735,-0.002795007445388003,-0.0023405553058281747,-0.021634284309134787,0.1558585368245531,0.48695663589909605,0.0,0.0,0.0,0.0,0.0,-0.17899283103264418,13.605865005897524,-30.0,-30.0,44.55504013007135,3.3189735605170734,-8.121612866362419,-8.637015186967337,-0.17899283103264418,13.605865005897524,-73.31520898321529,-102.14780659373783,126.46914983962084,1.480000000000001
0.0,0.0,0.0,0.0,0.0,0.0,0.0,0.0,0.0,0.0,0.0,0.0,0,0.0,-1.5707963267948966,nan,0.10277003383132942,-0.3352127799908883,-0.12036033386978912,0.08641570491927064,-1.5707996013678172,0.099399864937766,-0.325870911376033,1.8668623553218084,-0.13264908917903717,1.0183038408820861,-0.26646442030416884,0.8745467314728916,-0.4484500412947401,0.015800065020085595,-0.0033701688935634244,0.009341868614855253,-0.012288755309248056,0.013737521086533073,-0.00411982608221062,0.012873844791962553,-0.0024516604429929874,-9.647630842683297,-2.957838160777267,-0.6259007679353378,0.27136766382188604,-1.5708003883970785,1.8682814393976839,1.0,-0.8614019117209749,-0.7981358476871916,0,zero,0,-0.27136766382188604,-0.1849519589026154,1.2747366648791598,1.4186752936071196,1.2838404912523476,-0.35265413703955195,0.3280317002540698,1.2733170395351636,1.3538199567006912,1.4430921673811905,-0.07330584196623961,0.6178400758620908,0.1479753016333341,-0.13628749972643747,0.10081284996431084,0.6258726452344885,-1.4551703293411018,6.031316856110881,14.667014411102622,1.0,-0.4690309464931488,4.061602181693047e-06,7.870292613176844e-07,0.0,0.0,0.0,1,-0.1581467128233961,2.2148368251278296,-9.0,-9.0,-0.1581467128233961,-0.1681257541188428,-3.705634307422604,-3.5712237827961375,0.004791558758953817,-0.0027950074452767182,-0.0023405553647049973,-0.01628545280221022,0.11548707717016234,0.3586870921336088,0.0,0.0,0.0,0.0,0.0,-0.2965436205201502,14.765578834185533,-30.0,-30.0,44.92338206799906,2.3829625792466724,-5.294365692577395,-5.428776217203863,-0.2965436205201502,14.765578834185533,-79.52780855134625,-114.00076686250172,139.7818208303407,1.490000000000001
0.0,0.0,0.0,0.0,0.0,0.0,0.0,0.0,0.0,0.0,0.0,0.0,0,0.0,-1.5707963267948966,nan,0.10147541491259929,-0.3385718716907152,-0.11780348473977834,0.08730406325334061,-1.5707995589187236,0.0974443614816275,-0.3266553124701027,1.8607039143277153,-0.13298196106494034,0.39263580627567146,-0.06608845374083683,0.2574690605757213,-0.28897210159139486,0.019713952393551552,-0.004031053430971793,0.011916559220612466,-0.015178476325162005,0.011333702571312308,-0.0031815095133196298,0.010280827735734736,-0.003554629693762107,-1.4247839875833812,-0.42703717778699124,-0.6297748178697712,0.3223869433762687,-1.5708005923110406,1.861993425573224,1.0,-0.861401911720968,-0.798135847687164,0,zero,0,-0.3223869433762685,-0.2350828801229281,1.280895107040481,1.4201502664552978,1.282482018862538,-0.3516492651805084,0.411196506358225,1.2796048516499072,1.3458859350187409,1.4765125469227343,0.0031998088484364107,0.6138232140214316,0.14701324629617976,-0.13540143215264647,0.10015741936683024,0.629771266963274,-0.3311748323038438,1.4008971467453284,2.557127475721533,1.0,-0.6810548305511475,4.265516143853176e-06,1.0333923170513515e-06,0.0,0.0,0.0,1,-0.15853699397434876,1.7367248699077864,-9.0,-9.0,-0.15853699397434876,0.590981323765646,-5.588510596885354,-5.623514922998363,0.004791558758953817,-0.0027950074452766957,-0.0023405553647049162,-0.008662132634052078,0.04419226366746337,0.11799771213974611,0.0,0.0,0.0,0.0,0.0,-0.2972754434171175,11.578165799385243,-30.0,-30.0,43.978884660338,1.1457435461421404,-3.411489403114646,-3.376485077001637,-0.2972754434171175,11.578165799385243,-59.925919794254916,-83.8494114269214,103.71105030707155,1.500000000000001
0.0,0.0,0.0,0.0,0.0,0.0,0.0,0.0,0.0,0.0,0.0,0.0,0,0.0,-1.5707963267948966,nan,0.09812681895013567,-0.33507259184238086,-0.12007099027986029,0.08818651909499198,-1.5707995166685502,0.09549587551650289,-0.3274224018770797,1.8545863935912557,-0.1333125525174502,0.48901790161454806,0.14001099973390135,-0.42663692553113197,0.19369140875721003,0.0155172884341349,-0.002630943433632779,0.007650189965301146,-0.013241562237589904,0.004311016851620692,-0.0011855014783486318,0.004002554932818344,-0.0010765716648520607,7.943736884942778,2.326388810187929,-0.6298948376682328,0.2788724257601225,-1.5708003905931585,1.8556840625443516,1.0,-0.861401911720968,-0.7981358476871638,0,zero,0,-0.2788724257601225,-0.19068590666513074,1.2870126290182524,1.4216154387470856,1.2811325729339804,-0.3506510702601839,0.35314036819749917,1.2859144155163758,1.3501130014688802,1.4587031947581885,-0.053896981314454355,0.6096563119624403,0.146015255694493,-0.13448226765456422,0.09947750673490374,0.6299199611119293,0.9485917100518533,-3.954049459195679,-11.282837712678988,1.0,-0.44739580154418945,4.0637982618996205e-06,8.739246082356544e-07,0.0,0.0,0.0,0,-0.08403427171789743,0.5639440051079375,-7.523737501446995,-7.8795755827655185,-0.08403427171789743,0.8470023511248357,-6.474590748874219,-6.5541891089413005,0.004791558758953817,-0.0027950074452766957,-0.002340555364704916,0.00943193397850052,-0.05141766848872935,-0.187238133723768,0.0,0.0,0.0,0.0,0.0,-0.1575741078527985,3.7596267007195836,-25.079125004823318,-26.26525194255173,36.51007522782582,-0.28305834601689817,-1.049146752572776,-1.325386473824218,-0.1575741078527985,3.7596267007195836,-25.079125004823318,-26.26525194255173,36.51007522782582,1.5100000000000011
0.0,0.0,0.0,0.0,0.0,0.0,0.0,0.0,0.0,0.0,0.0,0.0,0,0.0,-1.5707963267948966,nan,0.09297751745926068,-0.3250477910431859,-0.1248942162406558,0.08906285720182128,-1.570799474630781,0.09355508094926011,-0.32817219457449537,1.8485112852192873,-0.13364078360310636,1.2107491921274578,0.3208506923632212,-1.077459349661064,0.4494994875139352,0.009305800214775986,0.0005775634899994331,-0.0031244035313094942,-0.008746567362450552,0.005224772870258044,0.0013462875253846835,-0.004506716015576301,0.002274922460156859,14.675376084073644,4.197872667593177,-0.6244585429905714,0.14925368553302087,-1.570799881452804,1.849401618600912,0.4368516942683317,0.8326652271794328,0.7988266359340199,0,zero,0,-0.14925368553302087,-0.0601908283311996,1.2930877387037238,1.4230704531161502,1.279792482606493,-0.34965979574568495,0.1695684192615163,1.2921973195438172,1.3676250438059496,1.3907052608382362,-0.23400160029067396,0.6053410392842591,0.14498172970430379,-0.13353037452408623,0.098773384496712,0.624495428331048,2.2587768005016344,-8.361632250065599,-21.366824776663048,1.0,-0.19733485579490662,3.5546579075784734e-06,4.0682202318009786e-07,0.0,0.0,0.0,1,0.043863501959217566,-1.6026623462719571,5.6449744168588625,9.0,0.043863501959217566,0.47163664484569934,-4.274976671342684,-3.7225545493254035,0.00209320056203524,0.002701764969083798,0.0023425811202723917,0.018790431998319444,-0.13015522161886098,-0.4311929627438865,0.0,0.0,0.0,0.0,0.0,0.08224920674895475,-10.684415641813048,18.816581389529542,30.0,36.98955579251824,-2.0742989911176566,9.919951088201547,12.722554549325404,0.08224920674895475,-10.684415641813048,18.816581389529542,45.220991133695854,50.13147989877836,1.5200000000000011
0.0,0.0,0.0,0.0,0.0,0.0,0.0,0.0,0.0,0.0,0.0,0.0,0,0.0,-1.5707963267948966,nan,0.08733313397412165,-0.31261884232390086,-0.12704059694298844,0.08993286478680917,-1.5707994328187895,0.09162264820084921,-0.3289047199631073,1.8424800642952315,-0.13396657539421292,1.3795561711957107,0.37119507367281285,-1.316147410789692,0.18205889112260787,0.018209857777789683,0.0042895142267275616,-0.016285877639206414,-0.006925978451224474,0.0125303599653721,0.00336620105921237,-0.011757983160555723,0.002725517067795665,14.837760297423525,4.145172513588866,-0.6132119643977372,-0.009640998369813802,-1.5707993573180772,1.8432144052374277,-0.7626176196073453,0.8614019042796219,0.7981358315987789,0,zero,0,0.00964099836981358,0.09957386315662298,1.2991189610115108,1.424514956273326,1.2784620732647622,-0.34867568232641877,0.11524662788913616,1.2983848957742727,1.3953091996135947,1.2973756552756905,-0.45854172158101714,0.6008791310605054,0.14391308388305477,-0.1325461354959272,0.09804533576389363,0.613237934577084,2.975095546428264,-9.471352931084727,-21.902150687395004,1.0,-0.3334123194217682,3.0305231808469557e-06,-7.550071234874167e-08,0.0,0.0,0.0,1,0.16826299720640198,-4.432323159446833,9.0,9.0,0.16826299720640198,-0.5923330949200404,-0.5270323748338925,0.39859612226756125,-0.0036541271349620854,0.002795007421131616,0.0023405553175252836,0.025082907161165298,-0.16033884557742106,-0.48323220802142247,0.0,0.0,0.0,0.0,0.0,0.31551283931446084,-29.548821062978885,30.0,30.0,51.703311059967106,-3.8399900645267926,9.527032374833892,8.601403877732439,0.31551283931446084,-29.548821062978885,57.912609447839,102.66488645683667,121.52029303296143,1.5300000000000011
0.0,0.0,0.0,0.0,0.0,0.0,0.0,0.0,0.0,0.0,0.0,0.0,0,0.0,-1.5707963267948966,nan,0.08273770637810118,-0.303241053779437,-0.12604688800825425,0.09079633161277556,-1.5707993912458305,0.08969924366151212,-0.32962002160966203,1.836494188224333,-0.1342898500032111,1.0523527092849887,0.2672023056683376,-1.0093090191018617,-0.13169835437323585,0.02850016434315196,0.006961537283410937,-0.02637896783022503,-0.008242961994956832,0.015115733487349178,0.004018370697745636,-0.014541645222989747,0.0009373633259137076,9.619573031564844,2.624719579012318,-0.5999452815459915,-0.13454202810215055,-1.5707989834016778,1.8371614961938638,-1.0,0.8614019117209737,0.7981358476871896,0,zero,0,0.13454202810215055,0.2253383597149261,1.3051048385343345,1.4259485991634282,1.277141666393913,-0.34769896780725923,0.2966988278846251,1.3044379488909297,1.4232978730895802,1.2150208905171862,-0.6378088307593291,0.596272387839274,0.1428097494696018,-0.13152994774762145,0.09729365433154548,0.5999557031585244,2.5139297232908113,-6.980541077570261,-14.437835704261007,1.0,-0.7746908664703369,2.656606781226145e-06,-4.0784415267225427e-07,0.0,0.0,0.0,1,0.2178374731607025,-4.5,9.0,9.0,0.2178374731607025,-1.7986948746151816,2.683573866878655,3.5941054422280345,-0.004791558758953817,0.002795007445276714,0.0023405553647049913,0.0236097782262342,-0.13055374926326388,-0.3538518547878582,0.0,0.0,0.0,0.0,0.0,0.40847079160079225,-30.0,30.0,30.0,51.963129701622,-2.7013051253848186,6.316426133121345,5.4058945577719655,0.40847079160079225,-39.54264009978354,71.95485584604945,114.08159301016353,140.55567714614358,1.5400000000000011
0.0,0.0,0.0,0.0,0.0,0.0,0.0,0.0,0.0,0.0,0.0,0.0,0,0.0,-1.5707963267948966,nan,0.08003269942784069,-0.30031556785291585,-0.1256282505270171,0.09165305008683355,-1.5707993499250288,0.08778552915121976,-0.3303181569711168,1.830555096078917,-0.1346105306168937,0.37819791392469315,0.07912924399681304,-0.3623621287975942,-0.0739318094919783,0.032263649485578895,0.007752829723379068,-0.030002589118200973,-0.008982280089876615,0.012506038273056276,0.0032007770906908864,-0.012088781943724883,0.00013179688891627045,1.3859877369903006,0.3693749731636796,-0.5874272671908297,-0.184631743594462,-1.5707988047680215,1.831242859453488,-1.0,0.861401911720968,0.798135847687164,0,zero,0,0.184631743594462,0.2762847936812953,1.3110439321977712,1.427371037122069,1.2758315794350807,-0.3467298870017116,0.3794279210237657,1.3103565965184512,1.439797739476717,1.1743081623098666,-0.7121113967499331,0.5915226756431364,0.14167217338421387,-0.130482222899523,0.09651864467822258,0.587427397824138,0.9573223883063282,-1.8666801837481726,-2.3437206120694793,1.0,-1.0197209119796753,2.477973124914712e-06,-5.451570075365453e-07,0.0,0.0,0.0,1,0.18266812568251523,-4.5,9.0,9.0,0.18266812568251523,-2.747154833155341,4.9069923677925,5.6366809601934555,-0.004791558758953817,0.0027950074452766957,0.0023405553647049162,0.014021734083142352,-0.05439929193326479,-0.11342971261118744,0.0,0.0,0.0,0.0,0.0,0.3425241434136794,-30.0,30.0,30.0,51.96265315386447,-1.7528451668446592,4.0930076322075,3.3633190398065445,0.3425241434136794,-33.47051705724526,57.02357857472736,84.00206818251203,106.90382971285769,1.5500000000000012
0.0,0.0,0.0,0.0,0.0,0.0,0.0,0.0,0.0,0.0,0.0,0.0,0,0.0,-1.5707963267948966,nan,0.07940099457884532,-0.3050479240415291,-0.12816054904860125,0.09250281535484883,-1.5707993088693697,0.0858821613859177,-0.33099919710091286,1.8246642079436441,-0.13492854153045714,0.47888785735466205,-0.127166291630669,0.40513160588172004,0.22142876080207263,0.027591299694256024,0.006481166807072378,-0.025951273059383773,-0.006767992481855889,0.005718034456064107,0.001283803933435362,-0.005348843762029199,0.001561293025230552,-7.932134806132401,-2.064704500697869,-0.5769630050875152,-0.14143155441309108,-1.5707988483020094,1.8254400910274418,-1.0,0.861401911720968,0.7981358476871638,0,zero,0,0.1414315544130913,0.2339343697679399,1.3169348219149963,1.4287819300324693,1.2745321256409827,-0.3457686716250783,0.31803222522194563,1.3161593236346358,1.4373842277538587,1.1926697278425469,-0.6529631429012436,0.5866319259691392,0.14050081822857255,-0.12940338701480486,0.0957206219659378,0.5769543690881821,-1.035364135479488,4.322988117165245,11.484073503193034,1.0,-0.7208853960037231,2.521507112884791e-06,-4.605673602497973e-07,0.0,0.0,0.0,0,0.09673560198992949,-2.464382568003621,5.573922495297151,8.016705792664078,0.09673560198992949,-3.044865722972574,5.645562748472292,6.586489738983169,-0.004791558758953817,0.0027950074452766957,0.002340555364704916,-0.009214182552728926,0.05517630126562552,0.19148993508733042,0.0,0.0,0.0,0.0,0.0,0.18139059064303298,-16.42921712002414,18.579741650990506,26.722352642213593,36.4587850630769,0.5804831549689529,-0.07164025317514078,1.4302160536809092,0.18139059064303298,-16.42921712002414,18.579741650990506,26.722352642213593,36.4587850630769,1.5600000000000012
0.0,0.0,0.0,0.0,0.0,0.0,0.0,0.0,0.0,0.0,0.0,0.0,0,0.0,-1.5707963267948966,nan,0.0805126800940844,-0.316746729891976,-0.13133362456111827,0.09334542539589297,-1.570799268091693,0.0839897914501413,-0.33166322633793904,1.818822924260777,-0.1352438081813973,1.1788032726039575,-0.30040554510154804,1.1034776613420727,0.2857808861576855,0.01580764705922885,0.0034771113560568973,-0.014916496445963046,-0.003910183620279034,0.004927204831023256,-0.0011448081684809989,0.00378392479656936,0.0029408629410677435,-14.749778586898223,-3.749280084597191,-0.5718555924413096,-0.012606526690591702,-1.5707991299050286,1.8197143126102626,-0.21412218100496283,-0.8619853456791575,-0.7988576456559031,0,zero,0,0.01260652669059148,0.10595195208648445,1.322776107241525,1.4301809424822742,1.2732436139314913,-0.3448155501876248,0.12669958880784984,1.3218849649353936,1.4183367115333754,1.2651576211881645,-0.470697727576056,0.5816021357888044,0.1392961622857723,-0.1282938805994596,0.09489991204016207,0.5718336660029856,-2.3031183346387722,8.682560533840652,21.59828252983381,1.0,-0.2860846519470215,2.803110132010289e-06,-1.3818666433351723e-07,0.0,0.0,0.0,1,-0.002834222325550648,0.27893265040305565,-9.0,-9.0,-0.002834222325550648,-2.5126426631802574,2.844717647442959,3.759504818374318,-0.0010259790118806243,-0.002796900524726344,-0.0023426720571362377,-0.01980976272430056,0.1372882964435109,0.4358874508877773,0.0,0.0,0.0,0.0,0.0,-0.005314499016596003,1.8595510026870379,-30.0,-30.0,42.46713974563738,2.791575313583313,-11.844717647442959,-12.759504818374317,-0.005314499016596003,1.8595510026870379,-32.49405708621631,-44.79987701659495,55.37463936496391,1.5700000000000012
0.0,0.0,0.0,0.0,0.0,0.0,0.0,0.0,0.0,0.0,0.0,0.0,0,0.0,-1.5707963267948966,nan,0.0819652181175823,-0.3303663270877717,-0.1304429454276264,0.09418068111670141,-1.570799227604678,0.08210906427651087,-0.3323103419788491,1.8130326251754305,-0.13555625718324665,1.3447804723310202,-0.33332651971283295,1.2972481554885618,-0.12031281353412082,0.00547227948156282,0.00014384615892856778,-0.001944014891077428,-0.005113311755620242,0.011600331563121982,-0.00298010780145584,0.011151201245569686,0.0011564431014413146,-15.09262066380569,-3.744625323894504,-0.5741393265261007,0.14695345675841986,-1.570799576629484,1.8139919639259727,0.8345633229146528,-0.8614019117543334,-0.7981358287819525,0,zero,0,-0.14695345675841986,-0.05277277564171845,1.3285664080299635,1.4315677439203671,1.2719663487492043,-0.3438707478877439,0.13626927826883026,1.3276070069669736,1.3946887873338294,1.3564370563430614,-0.24350622293400548,0.5764353675481309,0.1380586995203206,-0.12715415860229906,0.09405685142982437,0.5741079111367131,-2.2590685101589694,8.900674378175648,22.191829303642393,1.0,-0.12947295606136322,3.2498345872156165e-06,3.4902480594567464e-07,0.0,0.0,0.0,1,-0.09115572418232899,1.7477077709534434,-9.0,-9.0,-0.09115572418232899,-1.4592817022344482,-0.847896478788407,-0.37263075487257313,0.003998859199813308,-0.002795007445384957,-0.002340555309264863,-0.02112370549287164,0.15387338417294807,0.48907440441781624,0.0,0.0,0.0,0.0,0.0,-0.17092766582098068,11.651385139689623,-30.0,-30.0,43.997545294485725,3.2069894731878916,-8.152103521211593,-8.627369245127428,-0.17092766582098068,11.651385139689623,-71.96004947014247,-102.7469186920697,125.98000639943012,1.5800000000000012
0.0,0.0,0.0,0.0,0.0,0.0,0.0,0.0,0.0,0.0,0.0,0.0,0,0.0,-1.5707963267948966,nan,0.08234519540018975,-0.3402830249952496,-0.1260586076167382,0.09500838644613174,-1.5707991874208411,0.0802406181326173,-0.332940653934436,1.8072946698808365,-0.13586581635916012,1.064542347091102,-0.22484234265010145,0.9286385951891019,-0.4693896986801671,0.012430647673685085,-0.0021045772675724467,0.007342371060813591,-0.009807208742421913,0.014235023674130058,-0.003479529125684508,0.013600985977102048,-0.0023541360447582194,-9.931268442390575,-2.4033234719984,-0.579019757042541,0.2740486992504141,-1.570800017112832,1.8082237232703826,1.0,-0.8614019117209745,-0.7981358476871904,0,zero,0,-0.2740486992504141,-0.17904031280428256,1.3343043650847464,1.4329420088136824,1.2707006299150174,-0.3429344865051226,0.3284227668438065,1.3333748686908478,1.376503329156042,1.4298082364289653,-0.06122524844981847,0.5711337491675975,0.1367889395781388,-0.12598469041495555,0.09319178734731244,0.5789943802559646,-1.4676810160985863,5.985449315949458,14.735697494565215,1.0,-0.40513676404953003,3.690317935678422e-06,8.296919906669586e-07,0.0,0.0,0.0,1,-0.15162395509147752,2.0099780080357714,-9.0,-9.0,-0.15162395509147752,-0.37764319434337995,-3.682351772969142,-3.5793468457309623,0.004791558758953817,-0.0027950074452767165,-0.002340555364704994,-0.016271559953575203,0.11455226024451208,0.36024506048432064,0.0,0.0,0.0,0.0,0.0,-0.28431268533935405,13.399853386905143,-30.0,-30.0,44.49311075316715,2.3876212023791514,-5.317648227030858,-5.420653154269038,-0.28431268533935405,13.399853386905143,-78.60635014659466,-114.56164636221692,139.58139562665323,1.5900000000000012
0.0,0.0,0.0,0.0,0.0,0.0,0.0,0.0,0.0,0.0,0.0,0.0,0,0.0,-1.5707963267948966,nan,0.08109894554279179,-0.3438611125957366,-0.12317746106862582,0.09582834842961696,-1.5707991475525211,0.07838508411574042,-0.33355428437078183,1.801610395963596,-0.13617241477534625,0.43955604218837063,-0.06092841594789178,0.29644571641411765,-0.3187744964298522,0.016806682413366674,-0.0027138614270513645,0.010306828224954767,-0.012994953706720436,0.01193889084642068,-0.0027210595662391047,0.011024117362372595,-0.0036880599046600748,-1.5675508857240876,-0.3697102523153757,-0.5816656239731994,0.32630518796363894,-1.570800215881153,1.8024127074086567,1.0,-0.861401911720968,-0.798135847687164,0,zero,0,-0.32630518796363894,-0.2304768395340222,1.3399886408168902,1.4343034168040227,1.2694467524836959,-0.3420069842939059,0.41223353558433007,1.339185694469778,1.3680335898412241,1.463080605520658,0.015833879959887352,0.5656994740421519,0.1354874077865594,-0.12478595987187911,0.09230507768847085,0.5816619232066623,-0.41110001141663055,1.4054017989312442,2.604862127748919,1.0,-0.6151386499404907,3.8890862565921225e-06,1.0683286317814122e-06,0.0,0.0,0.0,1,-0.1581889161600098,1.6412078462754194,-9.0,-9.0,-0.1581889161600098,0.39427284361808645,-5.573154187002208,-5.629202756836128,0.004791558758953817,-0.0027950074452766957,-0.0023405553647049162,-0.009133295528750009,0.04411660275824943,0.11907547273901037,0.0,0.0,0.0,0.0,0.0,-0.29662275672231353,10.94138564183613,-30.0,-30.0,43.815544100503686,1.246935002657333,-3.426845812997792,-3.3707972431638717,-0.29662275672231353,10.94138564183613,-59.43152046397014,-84.31982186856644,103.73880609217198,1.6000000000000012
0.0,0.0,0.0,0.0,0.0,0.0,0.0,0.0,0.0,0.0,0.0,0.0,0,0.0,-1.5707963267948966,nan,0.07820823722171837,-0.34046199636139457,-0.12512482102458697,0.09664037732362729,-1.5707991080118746,0.07654308565584864,-0.33415136733595047,1.7959811187489463,-0.13647598277435122,0.44465101386214245,0.10487098611816348,-0.3996199199510664,0.16437919569561865,0.013093725272183122,-0.0016651515658697297,0.006310629025444103,-0.01135116174976425,0.004996372891845513,-0.0011129300473454841,0.004677001030394734,-0.0013604374832276844,7.959112066083804,1.828350274203242,-0.5806126126394446,0.2839753408142809,-1.5708000158862767,1.796592556615974,1.0,-0.861401911720968,-0.7981358476871638,0,zero,0,-0.28397534081428066,-0.18733496349065337,1.3456179198987293,1.435651652864869,1.2682050065994461,-0.3410884558758637,0.35452858059612,1.345006025117096,1.37112515372213,1.4455323308856236,-0.04095266824939167,0.560134801041223,0.13415464515432912,-0.12355846525034037,0.0913970910326031,0.5806342559609862,0.8150636263591089,-3.9168387137237657,-11.26818886614785,1.0,-0.40257248282432556,3.689091379932563e-06,9.078744023227614e-07,0.0,0.0,0.0,0,-0.09607407603162411,0.5714144906332166,-7.494930521147605,-7.998135914895457,-0.09607407603162411,0.6955803132622386,-6.459571345296271,-6.579950429033552,0.004791558758953817,-0.0027950074452766957,-0.002340555364704916,0.008562267302407623,-0.050885319490495746,-0.18671818979828622,0.0,0.0,0.0,0.0,0.0,-0.1801501519437917,3.8094299375547775,-24.983101737158684,-26.660453049651522,36.735260169873285,-0.12416582262902198,-1.035359175851334,-1.4181854858619047,-0.1801501519437917,3.8094299375547775,-24.983101737158684,-26.660453049651522,36.735260169873285,1.6100000000000012
0.0,0.0,0.0,0.0,0.0,0.0,0.0,0.0,0.0,0.0,0.0,0.0,0,0.0,-1.5707963267948966,nan,0.07389160931043952,-0.33041481288010693,-0.12969892664756483,0.09744428669012528,-1.5707990688108657,0.07471523802725485,-0.3347320483729935,1.7904081306460116,-0.13677645200819638,1.1722179810171507,0.24887802826850658,-1.0627864518330643,0.42736363891326956,0.008331161491327902,0.0008236287168153361,-0.00431723549288654,-0.007077525360631554,0.004503371708755294,0.0009156129623643254,-0.003960233175720522,0.0019387013293157233,14.823211388072028,3.315046844973145,-0.5739458650516853,0.1552538132677166,-1.5707995090202285,1.790811324866487,0.5306847889067969,0.8308570882641624,0.7988618274834136,0,zero,0,-0.15525381326771637,-0.057809526577591086,1.3511909099186674,1.4369864074581984,1.2669756773514884,-0.3401791121335552,0.17012850719146486,1.3507876681099058,1.3870969714466204,1.3779574146508515,-0.2212772849158804,0.5544420545087126,0.13279120837160677,-0.12230271927042861,0.09046820664247021,0.573976800125308,2.094911603308213,-8.31986757203546,-21.414330658840953,1.0,-0.18424734473228455,3.1822253321323046e-06,4.402093627398074e-07,0.0,0.0,0.0,1,0.016709867872465506,-1.5088343274962717,5.587217972196562,9.0,0.016709867872465506,0.3843000618944941,-4.273398148166319,-3.754143711871602,0.0025428073485299204,0.0026958980657701306,0.0023426843204606357,0.017673482205197606,-0.12945344478764423,-0.4319270139287137,0.0,0.0,0.0,0.0,0.0,0.03133296057090851,-10.058895516641812,18.624059907321875,30.0,36.715636562650644,-1.8931343893907657,9.86061612036288,12.754143711871603,0.03133296057090851,-10.058895516641812,18.624059907321875,44.981000542684974,49.71245697027733,1.6200000000000012
0.0,0.0,0.0,0.0,0.0,0.0,0.0,0.0,0.0,0.0,0.0,0.0,0,0.0,-1.5707963267948966,nan,0.06919711175152915,-0.3178811491460665,-0.13162012623178332,0.0982398934910238,-1.5707990299612578,0.07290214786930573,-0.3352964841200852,1.7848927004930675,-0.13707375547137376,1.3509247101148207,0.2881407400961239,-1.3098099481132164,0.16238961210411074,0.01862158040484813,0.003705036117776575,-0.017415334974018704,-0.005453629239590446,0.01186916028962583,0.00252687463629652,-0.011352129829074038,0.0023708688063913477,15.014402063536373,3.2684692287945083,-0.561301067363994,-0.0031086087673515284,-1.5707989788646026,1.7851380753936796,-0.6696373060245859,0.8614019039439753,0.7981358293049309,0,zero,0,0.0031086087673513063,0.1013485022583751,1.3567063420359184,1.438307376691296,1.2657590446296272,-0.33927916010349474,0.11192125941573319,1.3564612217274978,1.4131095709979866,1.2849618304247938,-0.44662268264298205,0.5486236242630033,0.1313976698099652,-0.12101924909505361,0.08951881446429198,0.5613208968297635,2.8091888862619574,-9.444502321688356,-22.00135174922953,1.0,-0.3415422737598419,2.652069706066129e-06,-5.109665490721227e-08,0.0,0.0,0.0,1,0.1292075983251771,-4.286234779792307,9.0,9.0,0.1292075983251771,-0.6108576293271953,-0.5323979521456413,0.37510943389628626,-0.0032086064990043423,0.002795007420042537,0.0023405553107985113,0.023913004061994036,-0.15984694137385416,-0.4851498006546544,0.0,0.0,0.0,0.0,0.0,0.24227938932153964,-28.574898531948712,30.0,30.0,51.15255150443284,-3.675377150465111,9.532397952145642,8.624890566103714,0.24227938932153964,-28.574898531948712,57.653364427110375,102.74872148543204,121.23445765156758,1.6300000000000012
0.0,0.0,0.0,0.0,0.0,0.0,0.0,0.0,0.0,0.0,0.0,0.0,0,0.0,-1.5707963267948966,nan,0.06534928999762707,-0.3083945730613075,-0.13034293639812952,0.09902701818264581,-1.5707989914746059,0.07110441271642162,-0.3358448418986106,1.7794360729027976,-0.1373678275337038,1.0362027632559916,0.2050086601017978,-1.0034933863284357,-0.15712618959838331,0.028913453481299443,0.005755122718794553,-0.02745026883730306,-0.007024891135574279,0.01456484963823956,0.003045916575425724,-0.014232851978109055,0.0005321294666817489,9.743383692849175,2.064708824659762,-0.5465615539346357,-0.1277856581496164,-1.5707985928165915,1.77961291706866,-1.0,0.8614019117209736,0.7981358476871905,0,zero,0,0.1277856581496164,0.226812676332262,1.362162971635252,1.439614262473569,1.2645553829798244,-0.33838880286931755,0.2951917951839741,1.361986474581821,1.4395186515849063,1.2028032623012104,-0.6270492110360408,0.5426819655969507,0.1299746175223896,-0.11970859632994395,0.08854931512774586,0.5465677503035161,2.3619181897969868,-6.963603610332047,-14.561430986172132,1.0,-0.7868375778198242,2.2660216947301137e-06,-3.986580141557283e-07,0.0,0.0,0.0,1,0.17637304583975896,-4.5,9.0,9.0,0.17637304583975896,-1.7844079188773694,2.678441312260669,3.579540275216727,-0.004791558758953817,0.002795007445276714,0.002340555364704994,0.022526058811369612,-0.13026820191003544,-0.3563950692945465,0.0,0.0,0.0,0.0,0.0,0.3307201309577329,-30.0,30.0,30.0,51.96257668558229,-2.7155920811226304,6.321558687739331,5.420459724783273,0.3307201309577329,-38.485844691284356,71.78234428883827,114.44891063098456,140.4725158656564,1.6400000000000012
0.0,0.0,0.0,0.0,0.0,0.0,0.0,0.0,0.0,0.0,0.0,0.0,0,0.0,-1.5707963267948966,nan,0.06300605617361724,-0.30542532874355327,-0.12953911806167606,0.09980548481017926,-1.5707989533622493,0.0693226205377819,-0.33637729929005705,1.7740394676075537,-0.13765860397305907,0.3711504991860164,0.05614416453701143,-0.3501701709200722,-0.10945947758087271,0.032616706111185105,0.006316564364164667,-0.030951970546503782,-0.008119485911383006,0.012049645054017748,0.0024006565991079405,-0.011802147370959366,-0.00037431438007481076,1.4173672457893596,0.292404131139831,-0.5325771230559228,-0.17790902588202795,-1.5707984055014603,1.7742362533767098,-1.0,0.861401911720968,0.798135847687164,0,zero,0,0.17790902588202773,0.2777145106922072,1.367559578981739,1.4409067726733629,1.2633649614597704,-0.33750823945494435,0.37909361491241994,1.367363125752735,1.4545777403463374,1.1622928265709358,-0.7026239176521325,0.536619599277886,0.12852265524327774,-0.11837131702364735,0.08756011994596717,0.5325763133829224,0.8177699922552752,-1.842103644809716,-2.471547457472024,1.0,-1.032432198524475,2.0787065637684066e-06,-5.478607887354769e-07,0.0,0.0,0.0,1,0.14771285297056766,-4.5,9.0,9.0,0.14771285297056766,-2.727873548136024,4.903089599516727,5.628687570655597,-0.004791558758953817,0.0027950074452766957,0.0023405553647049162,0.013032086807103558,-0.054044238220524995,-0.1161254000703463,0.0,0.0,0.0,0.0,0.0,0.27697891050172074,-30.0,30.0,30.0,51.96226243454824,-1.772126451863976,4.096910400483273,3.3713124293444032,0.27697891050172074,-32.41580302230566,56.919368051723595,84.52658963603498,106.93652237567862,1.6500000000000012
0.0,0.0,0.0,0.0,0.0,0.0,0.0,0.0,0.0,0.0,0.0,0.0,0,0.0,-1.5707963267948966,nan,0.06230185791160716,-0.3102282610347672,-0.13159099053713136,0.1005751211021384,-1.570798915635303,0.06755734928691103,-0.3368940437025842,1.768704078804611,-0.13794602200795836,0.4755058558197716,-0.1061072988860802,0.4286187878686787,0.1764454440556007,0.027911835838553226,0.005255491375303865,-0.026665782667816995,-0.0063550314708269995,0.005164151324237149,0.0008914779284900512,-0.0050017870833386525,0.0009251226813682635,-8.030351903903421,-1.6127495724758754,-0.5206571785043849,-0.1348468259444715,-1.5707984496571195,1.768989751222113,-1.0,0.861401911720968,0.7981358476871637,0,zero,0,0.1348468259444715,0.23542194704660968,1.3728949698754969,1.442184621274773,1.2621880434944557,-0.3366376647177474,0.31861517015554786,1.3726095997511718,1.4508337035132755,1.1809880269432644,-0.6446105464876506,0.5304391115476182,0.12704240238844086,-0.11700798166753144,0.08655165091554962,0.5206514163044489,-1.1632624448521207,4.361604334735668,11.389039370526897,1.0,-0.7321256995201111,2.1228622228974814e-06,-4.6597818359472853e-07,0.0,0.0,0.0,0,0.07408678637669017,-2.2965269880364985,5.529442619616409,8.193799058695081,0.07408678637669017,-3.0004124325846933,5.633937422453715,6.61565813220793,-0.004791558758953817,0.0027950074452766957,0.0023405553647049154,-0.01012858994421333,0.055766809953278554,0.18923092257668825,0.0,0.0,0.0,0.0,0.0,0.13892140704423434,-15.310179920243323,18.431475398721364,27.312663528983606,36.33348019070977,0.7038854445481948,-0.10449480283730583,1.5781409264871513,0.13892140704423434,-15.310179920243323,18.431475398721364,27.312663528983606,36.33348019070977,1.6600000000000013
0.0,0.0,0.0,0.0,0.0,0.0,0.0,0.0,0.0,0.0,0.0,0.0,0,0.0,-1.5707963267948966,nan,0.06297257214381717,-0.32216160316198944,-0.13424350643103533,0.10133575856482224,-1.5707988783046487,0.06580916646138978,-0.33739527192814817,1.7634310745014328,-0.13823002033003604,1.1922842225092098,-0.24188970577312605,1.143211390165827,0.23685175718262952,0.016000100764259294,0.002836594317572605,-0.015233668766158726,-0.003986513899000704,0.004914272432466923,-0.0010164803681203746,0.004279310666134541,0.0021918807961286094,-14.985125654071059,-2.9292148626926187,-0.5141350039252452,-0.005761214208420906,-1.5707987357900428,1.7638345311744072,-0.16153306418251817,-0.8619734916736607,-0.798926234945192,0,zero,0,0.005761214208420906,0.10709697277324315,1.3781679763064334,1.443447528534461,1.2610248867317433,-0.3357772692417157,0.1279274475446318,1.3777647281408514,1.4306318738872887,1.2538562834195606,-0.4628585005416935,0.5241431541224324,0.12553449405510306,-0.11561917519578324,0.08552434071654495,0.5141186777832903,-2.4082612625872852,8.71588395351847,21.57635913832403,1.0,-0.2907329797744751,2.408995146474524e-06,-1.4251460589420617e-07,0.0,0.0,0.0,1,-0.010044692559855073,0.4576607873942656,-9.0,-9.0,-0.010044692559855073,-2.4305269772220384,2.8314791216114696,3.802162405259251,-0.000773995168544394,-0.0027968620618054134,-0.0023428731971169457,-0.02058499372667623,0.13789039457456934,0.43512162838125973,0.0,0.0,0.0,0.0,0.0,-0.018834975735711745,3.0510719159617707,-30.0,-30.0,42.53597764942851,2.888187764616304,-11.83147912161147,-12.802162405259251,-0.018834975735711745,3.0510719159617707,-32.72490550627618,-44.332861073138055,55.18723952072206,1.6700000000000013
0.0,0.0,0.0,0.0,0.0,0.0,0.0,0.0,0.0,0.0,0.0,0.0,0,0.0,-1.5707963267948966,nan,0.06390891784759675,-0.33611447282341333,-0.13285667555631903,0.10208723257677099,-1.5707988413809328,0.06407862867287566,-0.33788118969109554,1.758221595860925,-0.13851053913639427,1.3829357033366676,-0.26668834922937007,1.346695189847652,-0.16673496810745425,0.005925897707256762,0.00016971082527890424,-0.0017667168676822054,-0.005653863580075247,0.012066693243298402,-0.002451237503235251,0.011809939498006645,0.00034906959767200176,-15.382824815027607,-2.924981529237172,-0.5152417573553881,0.15465464443821753,-1.5707991809081874,1.7586960612718492,0.8678663930573469,-0.8614019117493874,-0.7981358250116201,0,zero,0,-0.1546546444382173,-0.052567411861446534,1.38337745710899,1.4446952211384665,1.2598757428979401,-0.3349272392306205,0.13661919861805827,1.3829029466658078,1.4061420584643833,1.3452808319400724,-0.2355079016528087,0.5177344441930883,0.12399958102190106,-0.11420549698540884,0.08447863271246273,0.5152159672269093,-2.3277542643000433,8.89968683703211,22.23037561062925,1.0,-0.13451723754405975,2.8541132905957056e-06,3.3952725431163344e-07,0.0,0.0,0.0,1,-0.08550347333377828,1.9079907100477895,-9.0,-9.0,-0.08550347333377828,-1.3474656963938167,-0.8575667130786635,-0.3389666585468904,0.004158432817255587,-0.002795007445368909,-0.002340555298208259,-0.021660871716430656,0.15399648103527058,0.4896635923400567,0.0,0.0,0.0,0.0,0.0,-0.16032903306540086,12.719938066985264,-30.0,-30.0,44.292465835927274,3.2554564064416063,-8.142433286921337,-8.661033341453109,-0.16032903306540086,12.719938066985264,-72.14229851522516,-102.62906504826367,126.09146980492923,1.6800000000000013
0.0,0.0,0.0,0.0,0.0,0.0,0.0,0.0,0.0,0.0,0.0,0.0,0,0.0,-1.5707963267948966,nan,0.06400580736827957,-0.34637780181165045,-0.12806880376888072,0.10282938248322648,-1.5707988048745516,0.06236628122758312,-0.3383520111891285,1.7530767565466987,-0.1387875201618391,1.1172254712497673,-0.1809236965975354,0.9792507490204161,-0.506485281288313,0.013490450036795028,-0.0016395261406964498,0.008025790622521956,-0.010718716392958377,0.014985413117780292,-0.002835298166641432,0.014376187155509774,-0.0031383010509728297,-10.200769588987956,-1.885013999765122,-0.5191705141191565,0.2831255285255099,-1.5707996144296847,1.7535228126493547,1.0,-0.8614019117209736,-0.7981358476871907,0,zero,0,-0.28312552852550965,-0.1802961460422834,1.3885222986168904,1.4459274323590239,1.2587408576533692,-0.3340877564011805,0.32885430862591863,1.3880758585930788,1.3875305293083082,1.41836440578929,-0.05256496587131804,0.5112157644248233,0.12243832974888486,-0.11276756085623413,0.08341498095027083,0.5191485286237371,-1.4924662189874,5.937680943665882,14.818690148195948,1.0,-0.42473867535591125,3.28763478840699e-06,8.095551331521733e-07,0.0,0.0,0.0,1,-0.14312761924561596,2.119199576611258,-9.0,-9.0,-0.14312761924561596,-0.25529143582166813,-3.688174674857656,-3.5574730380132986,0.004791558758953817,-0.002795007445276714,-0.0023405553647049947,-0.016507366759746477,0.11392889282638657,0.3618259627218255,0.0,0.0,0.0,0.0,0.0,-0.2683810599017738,14.127997177408387,-30.0,-30.0,44.71769596745983,2.374491012432926,-5.311825325142344,-5.442526961986701,-0.2683810599017738,14.127997177408387,-78.52420802676312,-114.7562355273531,139.76665257234245,1.6900000000000013
0.0,0.0,0.0,0.0,0.0,0.0,0.0,0.0,0.0,0.0,0.0,0.0,0,0.0,-1.5707963267948966,nan,0.06284641707182172,-0.35030017483032716,-0.12494811385145752,0.10356205169058974,-1.570798768795652,0.06067265771734584,-0.3388079586275808,1.7479976420683248,-0.13906090671101112,0.4880703483211704,-0.05342332137794267,0.3466425580224419,-0.33940764665952305,0.018329407663056244,-0.0021737593544758765,0.011492216202746375,-0.014112792859553608,0.012842115853646002,-0.002242385493538273,0.011874059460587155,-0.004347224266503375,-1.7735966279396487,-0.3182031958569064,-0.5209514985965804,0.3371608483239892,-1.570799809588692,1.7483163078637916,1.0,-0.861401911720968,-0.7981358476871641,0,zero,0,-0.3371608483239892,-0.23359879663339944,1.3936014153178813,1.4471439022113741,1.2576204704479408,-0.3332589978762277,0.4131825195262772,1.393282185904133,1.3790676472965846,1.4508904119920787,0.025533484970007535,0.5045899629573504,0.12085142237751721,-0.11130599507090425,0.0823338501603951,0.520947648098723,-0.3939128790152967,1.3134314026438518,2.7214343673842776,1.0,-0.651070237159729,3.482793795583916e-06,1.0407930401967747e-06,0.0,0.0,0.0,1,-0.1567141159820503,1.6810190967950573,-9.0,-9.0,-0.1567141159820503,0.5042311727452503,-5.575968041924688,-5.616749537925277,0.004791558758953817,-0.0027950074452766957,-0.0023405553647049167,-0.00906874610493838,0.042758950103717365,0.12140798569954415,0.0,0.0,0.0,0.0,0.0,-0.2938573335496911,11.206793978633716,-30.0,-30.0,43.88255443125459,1.176787924049807,-3.424031958075312,-3.383250462074723,-0.2938573335496911,11.206793978633716,-58.971260508959986,-84.76864542604416,103.87016605741054,1.7000000000000013
0.0,0.0,0.0,0.0,0.0,0.0,0.0,0.0,0.0,0.0,0.0,0.0,0,0.0,-1.5707963267948966,nan,0.060431996801601925,-0.3472343662298828,-0.12689711692240466,0.10428508776088163,-1.570798733154119,0.058998279621337184,-0.3392492617479313,1.7429853091265974,-0.13933064369041273,0.3958210409763805,0.07400421742111349,-0.35071117207948754,0.16792660915455337,0.014846212528164936,-0.0014337171802647417,0.0079851044819515,-0.012433526768008074,0.005929234739085697,-0.0009997926967377107,0.0055681102559014175,-0.0017754963623888478,7.867529971834422,1.3692957375829324,-0.5189646055154378,0.2967326672039896,-1.5707996132676045,1.7431099688246838,1.0,-0.861401911720968,-0.7981358476871638,0,zero,0,-0.2967326672039894,-0.1924475794431082,1.3986137505084788,1.4483443776105802,1.2565148143767249,-0.3324411360778724,0.3558098937742092,1.3984886810132366,1.3825201166318766,1.4322126729875966,-0.030119959162663495,0.4978599534048597,0.11923955673067413,-0.10982144233488406,0.08123571575671963,0.5189822012580497,0.8607149749322247,-4.040518316367307,-11.165602501930046,1.0,-0.43763744831085205,3.2864727081971523e-06,8.801134852021164e-07,0.0,0.0,0.0,0,-0.1079649180157125,0.5416495921630476,-7.240228055848952,-8.197220980544623,-0.1079649180157125,0.773659932871469,-6.410657552800838,-6.6108336758405954,0.004791558758953817,-0.0027950074452766957,-0.002340555364704916,0.008855262145225633,-0.05282499355656163,-0.1843808981632544,0.0,0.0,0.0,0.0,0.0,-0.202446874209099,3.610997281086984,-24.13409351949651,-27.324069935148742,36.635222859013666,-0.2320103407084213,-0.8295705030481146,-1.5863873047040276,-0.202446874209099,3.610997281086984,-24.13409351949651,-27.324069935148742,36.635222859013666,1.7100000000000013
0.0,0.0,0.0,0.0,0.0,0.0,0.0,0.0,0.0,0.0,0.0,0.0,0,0.0,-1.5707963267948966,nan,0.05692708447722243,-0.33738821824151705,-0.13174807918851536,0.10499834250620022,-1.5707986979595712,0.05734365591850431,-0.339676157351504,1.7380407849587902,-0.13959667764034137,1.1400901731416744,0.18502886215466183,-1.027304359193848,0.45849283161820686,0.008185883873761296,0.0004165714412818766,-0.0022879391099869806,-0.007848598451826005,0.0036904730229673287,0.0005659955372983372,-0.0031310805775835804,0.0018696455818381329,14.861607260538758,2.5076701540813815,-0.5111799671561007,0.1694575681195527,-1.5707991112588713,1.7379529867238452,0.469398950656715,0.8401443140698264,0.7989410187631937,0,zero,0,-0.1694575681195527,-0.06445922561335227,1.4035582769487156,1.4495286125283413,1.2554241160355226,-0.3316343386206686,0.17047968518831788,1.4036460214449344,1.3989832386230898,1.3633838619031144,-0.20976074093932226,0.4910287148560148,0.11760344631264384,-0.10831455979645715,0.08012106383658611,0.5112042023488689,2.142535805194484,-8.439718769352563,-21.368870365583742,1.0,-0.18256041407585144,2.784463974947471e-06,4.1329930011713145e-07,0.0,0.0,0.0,1,-0.011222460575071282,-1.585398735606238,5.944329854283482,9.0,-0.011222460575071282,0.4207520944810128,-4.13986933131547,-3.8014124068560955,0.002249152653462913,0.002726032506986933,0.0023429165510705802,0.018018534534697483,-0.13148229314139886,-0.4307413202712975,0.0,0.0,0.0,0.0,0.0,-0.02104342879255819,-10.569324904041586,19.814432847611606,30.0,37.47429546803514,-2.006150830087251,10.084199185598951,12.801412406856095,-0.02104342879255819,-10.569324904041586,19.814432847611606,44.338707411443,49.70154721679346,1.7200000000000013
0.0,0.0,0.0,0.0,0.0,0.0,0.0,0.0,0.0,0.0,0.0,0.0,0,0.0,-1.5707963267948966,nan,0.05312301566274927,-0.32480851818883116,-0.13407109427226704,0.10570167208318049,-1.5707986632213569,0.05570928271073058,-0.3400888888193062,1.733165066683917,-0.1398589567667346,1.3332572464691606,0.2169695606699433,-1.2992431520488068,0.20607359573584505,0.016543211783176283,0.0025862670479813096,-0.015280370630475049,-0.005787862494467555,0.01119326784783027,0.0018205718966580802,-0.01073001718983513,0.002615625009096737,15.114052442709749,2.472029639162781,-0.49720855048252943,0.011866817299612586,-1.5707985805452829,1.7329160382100754,-0.7286883716613455,0.8614019087424722,0.7981358251961325,0,zero,0,-0.011866817299612364,0.09383485478356768,1.4084339975168803,1.4506963681498057,1.2543485953764382,-0.33083876820477987,0.10816946219284516,1.4086832135972196,1.425364600432384,1.2694429749181613,-0.43491101086820894,0.48409929187395884,0.11594382030912839,-0.10678601904672742,0.07899039118079487,0.49722185308555616,2.837132232578463,-9.51816596767636,-21.995911916476818,1.0,-0.29295626282691956,2.2537503863162556e-06,-8.267607398693144e-08,0.0,0.0,0.0,1,0.08758902376073602,-4.3698998549702965,9.0,9.0,0.08758902376073602,-0.6132480369835611,-0.3937344654715329,0.33694573460691557,-0.003491553149781714,0.0027950074356123127,0.0023405552987493467,0.02414202171354699,-0.161229000446951,-0.4849080613738048,0.0,0.0,0.0,0.0,0.0,0.16423968453166327,-29.132665699801976,30.0,30.0,51.46590313450638,-3.7566518179867354,9.393734465471534,8.663054265393084,0.16423968453166327,-29.132665699801976,58.93695759706261,102.3617425649194,121.65619793983034,1.7300000000000013
0.0,0.0,0.0,0.0,0.0,0.0,0.0,0.0,0.0,0.0,0.0,0.0,0,0.0,-1.5707963267948966,nan,0.04995336964326611,-0.31506625427983803,-0.13310944344768325,0.10639493708745107,-1.5707986289485452,0.05409564285670591,-0.34048770562895286,1.7283591206479891,-0.14011743097293267,1.0332055866072969,0.15560061654584859,-1.0141080718639783,-0.12201250307818656,0.02669307972535662,0.0041422732134397955,-0.025421451349114832,-0.007007987525249421,0.014100692709996462,0.002247074981490174,-0.01388948251265006,0.0009286896468123692,9.844919658697147,1.5609704006037761,-0.48108013754903156,-0.112658805514803,-1.5707981912631996,1.728040134951254,-1.0,0.8614019117209674,0.798135847687191,0,zero,0,0.112658805514803,0.21905374260225408,1.413239945864268,1.451847413030387,1.2532884655634506,-0.3300545825091444,0.29295262249459625,1.4135591652626587,1.4518945270798949,1.1869521036551223,-0.6153975726008422,0.4770747944963078,0.11426142358724191,-0.10523650611961735,0.07784420525360375,0.48108230365331206,2.363266276424389,-6.967567923011577,-14.572203162979367,1.0,-0.7113681435585022,1.8644683033031129e-06,-4.3768534574439855e-07,0.0,0.0,0.0,1,0.12967489623670106,-4.5,9.0,9.0,0.12967489623670106,-1.8021472343946123,2.780396722494459,3.553697102808358,-0.004791558758953817,0.0027950074452766935,0.0023405553647049956,0.022572747266751774,-0.1305813907812328,-0.35658637001190685,0.0,0.0,0.0,0.0,0.0,0.24315562767054388,-30.0,30.0,30.0,51.96209315125082,-2.6978527656053877,6.219603277505541,5.446302897191642,0.24315562767054388,-38.906551833961935,72.75697988933949,114.24939425208142,140.9265096064375,1.7400000000000013
0.0,0.0,0.0,0.0,0.0,0.0,0.0,0.0,0.0,0.0,0.0,0.0,0,0.0,-1.5707963267948966,nan,0.04792150289209212,-0.3117467182026271,-0.13241828058496502,0.10707800264809775,-1.5707985951499182,0.052503205616467104,-0.3408728628696421,1.7236238817692755,-0.1403720518913669,0.38486826103831495,0.04394295109351881,-0.3704693317900132,-0.09457837811524539,0.030538283858346903,0.004581702724374984,-0.029126144667014964,-0.007953771306401874,0.011844441558318484,0.0017878387294875423,-0.011708727475409273,-1.1375955449333466e-05,1.4925663836675434,0.2294518244993604,-0.46573210647983715,-0.16319616966446104,-1.5707980067365102,1.7233258629407207,-1.0,0.8614019117209679,0.798135847687164,0,zero,0,0.16319616966446127,0.27027417231255857,1.4179751870699202,1.4529815232525756,1.252243932827986,-0.3292819340846404,0.3770973385203747,1.418273409514508,1.4668158438516443,1.1468720921071784,-0.6910936261831608,0.46995839823515806,0.1125570166955125,-0.10366672149186983,0.07668302420272932,0.4657310073541439,0.7945082297036772,-1.7677951132905239,-2.483386542279776,1.0,-0.9533896446228027,1.6799416133750356e-06,-5.88413407776045e-07,0.0,0.0,0.0,1,0.105804715078449,-4.5,9.0,9.0,0.105804715078449,-2.7450723494441753,4.970272402183041,5.612509961322952,-0.004791558758953817,0.0027950074452766953,0.0023405553647049162,0.012901114155257158,-0.05308826423410947,-0.11638241321994539,0.0,0.0,0.0,0.0,0.0,0.19839624053712546,-30.0,30.0,30.0,51.96190297774187,-1.7549276505558247,4.029727597816959,3.387490038677048,0.19839624053712546,-32.6238230108629,57.324546918341454,84.40655215969356,107.1210666292703,1.7500000000000013
0.0,0.0,0.0,0.0,0.0,0.0,0.0,0.0,0.0,0.0,0.0,0.0,0,0.0,-1.5707963267948966,nan,0.04712481761283531,-0.3161815512955195,-0.13435844470640504,0.10775073852211747,-1.5707985618339708,0.05093242630652307,-0.3412446207561295,1.7189602528835632,-0.1406227729151807,0.4467887608407952,-0.07740940306872265,0.4063075206404976,0.16894430976262254,0.026113160334568276,0.003807608693687757,-0.025063069460609988,-0.006264328208775649,0.005252709116141055,0.0006746357727813257,-0.00508809617749037,0.0011167349378805019,-7.990329933219088,-1.190955218155384,-0.45250707888281944,-0.12106272667410822,-1.5707980642928951,1.718754632894629,-1.0,0.8614019117209679,0.7981358476871638,0,zero,0,0.12106272667410822,0.2288134651962257,1.4226388182953729,1.454098482582755,1.2512151963244884,-0.3285209702472519,0.3163187897028812,1.4228446339308607,1.4627368342806406,1.1666949769261403,-0.6332163029187887,0.4627533440770779,0.11083137586388021,-0.10207738008304627,0.0755073768593456,0.45250500332267485,-1.2018672028875912,4.495076910278404,11.371808267135439,1.0,-0.6716295480728149,1.737497998810511e-06,-4.975410758945031e-07,0.0,0.0,0.0,0,0.044717128241767816,-2.2922209823651327,5.454912998686478,8.158954672834383,0.044717128241767816,-3.0125140810477116,5.661354131643154,6.599517554708227,-0.004791558758953817,0.0027950074452766953,0.002340555364704916,-0.010383744914307162,0.05779325431649272,0.1889237189794445,0.0,0.0,0.0,0.0,0.0,0.08384985606931898,-15.281473215767551,18.183043328954927,27.19651557611461,36.10822591359316,0.7202930986825788,-0.20644113295667665,1.559437118126156,0.08384985606931898,-15.281473215767551,18.183043328954927,27.19651557611461,36.10822591359316,1.7600000000000013
0.0,0.0,0.0,0.0,0.0,0.0,0.0,0.0,0.0,0.0,0.0,0.0,0,0.0,-1.5707963267948966,nan,0.04734966601942198,-0.3277241126826488,-0.13672495986962138,0.10841301918888213,-1.5707985290089006,0.049383745965459774,-0.341603244142665,1.7143691040894113,-0.1408695492297927,1.1520380471414486,-0.17735287476499662,1.1183938000593752,0.21197388486043356,0.014626872265653063,0.002034079946037791,-0.013879131460016236,-0.0041445893601713135,0.004650886934926542,-0.000731300999336229,0.004056714638260357,0.0021538371511245647,-14.965929211995729,-2.162371643582864,-0.44479330887435653,0.00667263081682723,-1.5707983681517366,1.7142869894198303,-0.14789654956470874,-0.8619611259703873,-0.7989270969303934,0,zero,0,-0.00667263081682723,0.1017403883720549,1.4272299694394006,1.4551980826280155,1.2502024479859921,-0.32777183297123347,0.12501666909932696,1.427312238048185,1.4421217954672723,1.2410272403751077,-0.4517637160279625,0.45546293848311253,0.10908529300369817,-0.10046921125552762,0.07431780273808472,0.4447833016689823,-2.4498573244582067,8.864786505537385,21.536268487750135,1.0,-0.2613653838634491,2.0413568400101667e-06,-1.6085716403324568e-07,0.0,0.0,0.0,1,-0.022286451063322683,0.48951524166112015,-9.0,-9.0,-0.022286451063322683,-2.432747161591403,2.8383443422746226,3.788136145814963,-0.0007086550074858275,-0.0027968219385688096,-0.0023428757249123,-0.02087762070911153,0.14031844661461995,0.43438952980974815,0.0,0.0,0.0,0.0,0.0,-0.041789707600455056,3.263434944407468,-30.0,-30.0,42.55175383008368,2.922262403252523,-11.838344342274622,-12.788136145814963,-0.041789707600455056,3.263434944407468,-33.46339529588348,-44.42821610173096,55.716397628765485,1.7700000000000014
0.0,0.0,0.0,0.0,0.0,0.0,0.0,0.0,0.0,0.0,0.0,0.0,0,0.0,-1.5707963267948966,nan,0.047753410917302584,-0.34121485116288786,-0.135037183679403,0.10906472394459099,-1.570798496682604,0.04785759102989537,-0.3419490020378361,1.709851272093416,-0.14111233784440635,1.3425427680882311,-0.19298998334450063,1.3144980585067967,-0.193056480483203,0.006120239303459026,0.00010418011259278465,-0.0007341508749482695,-0.006075154165003344,0.011584670792683585,-0.001770999426654775,0.011447536015598773,0.00014858525234215207,-15.347233538466574,-2.1479504908975895,-0.4450200959398366,0.16551377314610094,-1.5707988247051823,1.7098468240924396,0.8785975227384251,-0.8614019117563019,-0.7981358260726661,0,zero,0,-0.16551377314610072,-0.05644904920151017,1.4317478037927596,1.4562801229929674,1.2492058723796942,-0.32703465878227644,0.1382196733959558,1.431752211020386,1.4172430383414398,1.3338519009581729,-0.22497666565061683,0.44809055338878684,0.1073195757077333,-0.09884295881451508,0.07311485203703749,0.4450005639200668,-2.3641362531719095,9.031361399189267,22.164040387607784,1.0,-0.13753922283649445,2.4979102857258795e-06,3.280225779889179e-07,0.0,0.0,0.0,1,-0.08343625888720027,1.951873111088756,-9.0,-9.0,-0.08343625888720027,-1.336927767677731,-0.8565669128376759,-0.3481361639783105,0.004209851655672426,-0.002795007445391344,-0.0023405553013198057,-0.02192525400916663,0.1562138560687424,0.4883607603705144,0.0,0.0,0.0,0.0,0.0,-0.15645276371123246,13.012487407258373,-30.0,-30.0,44.37735127282081,3.288800878766487,-8.143433087162324,-8.65186383602169,-0.15645276371123246,13.012487407258373,-73.03789484865194,-102.60400443759637,126.61542211178055,1.7800000000000014
0.0,0.0,0.0,0.0,0.0,0.0,0.0,0.0,0.0,0.0,0.0,0.0,0,0.0,-1.5707963267948966,nan,0.047519962834603705,-0.3509591930276515,-0.13007911303425151,0.10970573699673514,-1.5707984648626712,0.04635437302061516,-0.3422821671212707,1.7054075595554665,-0.14135109762347553,1.082541502825566,-0.12697699265813295,0.9411176781329078,-0.5196830424220672,0.01427259663740909,-0.0011655898139885448,0.008677025906380809,-0.011271984589224016,0.014424644338712668,-0.002023598036959296,0.013881240359266252,-0.003359550769291581,-10.122204330656427,-1.3706035901589648,-0.44834672889114985,0.292372964652301,-1.5707992626068625,1.70537981604716,1.0,-0.8614019117209748,-0.7981358476871911,0,zero,0,-0.292372964652301,-0.18266722765556587,1.436191518692933,1.4573444114365557,1.248225646562525,-0.326309578650674,0.33080279017419256,1.4362189287328953,1.39832095163786,1.4081049418712166,-0.04278651546055444,0.44063962620409847,0.10553504725016466,-0.09719938100802848,0.07189908563775221,0.4483289517483964,-1.519523158400115,6.0449095741979075,14.739963437785441,1.0,-0.4420774579048157,2.935811965976143e-06,7.977441915940631e-07,0.0,0.0,0.0,1,-0.13843108520988964,2.158303717784841,-9.0,-9.0,-0.13843108520988964,-0.23427759040128374,-3.6887210179981187,-3.562558529538568,0.004791558758953817,-0.002795007445276718,-0.002340555364704996,-0.01671136053227771,0.11574938194504863,0.360187166679936,0.0,0.0,0.0,0.0,0.0,-0.25957450817530403,14.38869145189894,-30.0,-30.0,44.80068995700004,2.392581308186125,-5.311278982001881,-5.437441470461431,-0.25957450817530403,14.38869145189894,-79.36809463672522,-114.57827382347331,140.1234352249981,1.7900000000000014
0.0,0.0,0.0,0.0,0.0,0.0,0.0,0.0,0.0,0.0,0.0,0.0,0,0.0,-1.5707963267948966,nan,0.046359672721245006,-0.35435965467859265,-0.12696492700054485,0.11033594755855392,-1.5707984335563805,0.044874488238705365,-0.3426030152631369,1.7010387344340014,-0.14158578931813595,0.45608269159217396,-0.031959466855109586,0.307961350907493,-0.3348877728367089,0.018820041397461896,-0.0014851844825396407,0.011756639415455739,-0.014620862317591105,0.012237833457267415,-0.0015593685703395727,0.011287258784229048,-0.00446438422713537,-1.643495935323867,-0.2150207106410813,-0.4496434679949584,0.3448994099077012,-1.5707994627510646,1.7008854678734688,1.0,-0.861401911720968,-0.7981358476871641,0,zero,0,-0.3448994099077014,-0.23456346234914704,1.4405603461788796,1.458390764028875,1.2472619399367204,-0.325596717884486,0.4149445976643654,1.4407131206162638,1.3896575615409537,1.4415695589111268,0.03454116109391954,0.43311365981352246,0.10373254658658451,-0.09553925052690741,0.07067107510523547,0.4496407973996676,-0.4090962161498573,1.3987704558050877,2.647176642622328,1.0,-0.6655552387237549,3.1359561680766035e-06,1.0291946841434196e-06,0.0,0.0,0.0,1,-0.16086474734447906,1.703266068263024,-9.0,-9.0,-0.16086474734447906,0.5293698624203031,-5.5768362826038596,-5.61923618885829,0.004791558758953817,-0.0027950074452766957,-0.0023405553647049167,-0.009192026961124452,0.04421446448231199,0.11980497973364714,0.0,0.0,0.0,0.0,0.0,-0.3016402537867599,11.355107121753495,-30.0,-30.0,43.92071771486893,1.173896205842721,-3.4231637173961404,-3.38076381114171,-0.3016402537867599,11.355107121753495,-59.713788480865716,-84.50440766751362,104.09496094703195,1.8000000000000014
0.0,0.0,0.0,0.0,0.0,0.0,0.0,0.0,0.0,0.0,0.0,0.0,0,0.0,-1.5707963267948966,nan,0.04429448131606824,-0.35081035975652963,-0.12907203526143055,0.1109552499434936,-1.5707984027706925,0.04341831747147347,-0.34291182504737117,1.6967455293312714,-0.1418163755976063,0.4333268144129896,0.06090206379448723,-0.3858104706297272,0.18765219814153578,0.015019078674760055,-0.0008761638445947684,0.007898534709158467,-0.012744340336175747,0.005273448813201237,-0.000632445932926672,0.004944019049774864,-0.0017221934162112273,8.029867573491094,1.0139234854630796,-0.44713916433471096,0.3032338725505843,-1.5707992782578948,1.6963966506221575,1.0,-0.861401911720968,-0.7981358476871638,0,zero,0,-0.3032338725505843,-0.19227862260709072,1.444853553645772,1.4594190053079816,1.2463149141053949,-0.3248961960227056,0.35743535365250334,1.4452020833399966,1.393043677174325,1.4236010723970176,-0.021706742939176498,0.42551622257600785,0.10191292835399758,-0.0938633545048104,0.06943140268795157,0.44715464009482786,0.860342905638009,-3.981471130676834,-11.214755805987306,1.0,-0.4434018135070801,2.951462998446175e-06,8.754872022898041e-07,0.0,0.0,0.0,0,-0.12854069528977144,0.5437159838006773,-7.428103314431302,-8.117819925336812,-0.12854069528977144,0.7957002153465095,-6.448023979030585,-6.597159291717325,0.004791558758953817,-0.0027950074452766957,-0.002340555364704916,0.008829463252366887,-0.051755926334674726,-0.18552884602267064,0.0,0.0,0.0,0.0,0.0,-0.24102886797256973,3.624773225337849,-24.760344381437672,-27.059399751122708,36.85760226369553,-0.25198423154583216,-0.9800793354007169,-1.520660633619487,-0.24102886797256973,3.624773225337849,-24.760344381437672,-27.059399751122708,36.85760226369553,1.8100000000000014
0.0,0.0,0.0,0.0,0.0,0.0,0.0,0.0,0.0,0.0,0.0,0.0,0,0.0,-1.5707963267948966,nan,0.04146625281907995,-0.3405546005340064,-0.13418170964489765,0.11156354365966448,-1.5707983725122499,0.041986225707919156,-0.343208877299557,1.6925286408385964,-0.14204282108057337,1.1711402661247474,0.13961367334339725,-1.05528114747091,0.4883228900500025,0.008313400625338667,0.0005199728888392041,-0.002654276765550634,-0.007861111435675722,0.004314601836631606,0.0005082276967523922,-0.003732588704477058,0.0021036338037141514,15.021609738917354,1.8291356777613137,-0.4386377067963302,0.1751646087699239,-1.5707987908625876,1.6919632910979439,0.4562010117083579,0.8367368901261978,0.7989103882141744,0,zero,0,-0.1751646087699239,-0.06360106511025965,1.4490704444997466,1.4604289684367104,1.2453847227281107,-0.3242081267284235,0.17214731091654298,1.4496357636506614,1.4096063601109936,1.3551199856183722,-0.2016944065521489,0.4178509483249814,0.10007706287082188,-0.0921724945182157,0.0681806613178231,0.4386574863278875,2.159414424421763,-8.422841044894234,-21.395990338499832,1.0,-0.18539270758628845,2.4640676912213166e-06,4.183503374832753e-07,0.0,0.0,0.0,1,-0.05080442976342524,-1.6042075714535782,5.812892865689401,9.0,-0.05080442976342524,0.43366767274595897,-4.212648634595593,-3.7817101408731473,0.002185913953494775,0.002714976372606376,0.0023428267261416053,0.018111999468962456,-0.1310553502830862,-0.43137687385562445,0.0,0.0,0.0,0.0,0.0,-0.09526425982266123,-10.694717143023855,19.376309552298004,30.0,37.28038924038968,-2.037875244199537,10.025541500284994,12.781710140873148,-0.09526425982266123,-10.694717143023855,19.376309552298004,44.496492877458294,49.69673329614996,1.8200000000000014
0.0,0.0,0.0,0.0,0.0,0.0,0.0,0.0,0.0,0.0,0.0,0.0,0,0.0,-1.5707963267948966,nan,0.03846502194963288,-0.3276580713421999,-0.13678559916582475,0.11216073350430178,-1.5707983427873662,0.04057856186350103,-0.3434944546203641,1.688388728881626,-0.14226509236656107,1.3489977516295018,0.15935670250289413,-1.318210651261359,0.23816182349394033,0.016890320661175996,0.0021135399138681454,-0.015836383278164223,-0.005479493200736318,0.011729265464323249,0.001398720908760051,-0.011256540717447737,0.0029848851281757405,15.235200206872621,1.7886172820675559,-0.42357089843846796,0.017193143990563042,-1.5707982681799226,1.6876585665833295,-0.7442895014327807,0.8614019068335707,0.7981358269437248,0,zero,0,-0.017193143990563264,0.09496758951373874,1.4532103588126444,1.4614204953594865,1.2444715113764526,-0.32353261768199437,0.10783499674188014,1.4539406865834037,1.4362464856686912,1.261084742132799,-0.4270609855025714,0.4101215363683494,0.09822583613688918,-0.09046748658642181,0.06691945461023131,0.4235795945876868,2.8680570372093728,-9.543030196647926,-22.0148058177742,1.0,-0.3003498315811157,1.9413850260718846e-06,-7.460744377851825e-08,0.0,0.0,0.0,1,0.0349316509310353,-4.414626362812521,9.0,9.0,0.0349316509310353,-0.614721232925266,-0.46240563934615514,0.3528954047150623,-0.00356630687978761,0.002795007429418463,0.0023405553038742095,0.0243428129884505,-0.16152267014871374,-0.4853314459408799,0.0,0.0,0.0,0.0,0.0,0.06550093930439771,-29.43084241875014,30.0,30.0,51.63505375082273,-3.7999051298872546,9.462405639346155,8.647104595284938,0.06550093930439771,-29.43084241875014,58.84245184081293,102.4207673685139,121.73178098937017,1.8300000000000014
0.0,0.0,0.0,0.0,0.0,0.0,0.0,0.0,0.0,0.0,0.0,0.0,0,0.0,-1.5707963267948966,nan,0.03596485332979405,-0.3176946160682917,-0.13605561789231704,0.11274672965822141,-1.5707983136020263,0.03919565851392258,-0.3437688409254441,1.6843264160655917,-0.14248315806730316,1.034216974072525,0.11172652702603827,-1.023784157898816,-0.09480469742497999,0.02704841172306048,0.003230805184128528,-0.026074224857152384,-0.006427540174986118,0.014465580625699755,0.0016743606967309322,-0.014304271310295276,0.0013554930384646943,9.909180574190975,1.12184643846861,-0.4061940885551774,-0.10744751797861252,-1.5707978804312492,1.6835260492537643,-1.0,0.8614019117209702,0.798135847687191,0,zero,0,0.10744751797861252,0.22019424763683393,1.4572726739767614,1.462393436959141,1.2435754173895972,-0.3228697704742013,0.29223252448388454,1.4580732167686399,1.4631307788625272,1.1782067579635462,-0.6076953349680174,0.40233175148848804,0.09636014983344264,-0.08874916117154522,0.06564839686401445,0.40619324077610264,2.400805007599183,-7.012199318600967,-14.583876067539645,1.0,-0.7218500375747681,1.5536363529022879e-06,-4.3317077702553775e-07,0.0,0.0,0.0,1,0.0774752547047893,-4.5,9.0,9.0,0.0774752547047893,-1.8102330127496171,2.7311503543146967,3.5645907682641984,-0.004791558758953817,0.002795007445276703,0.0023405553647049956,0.02282967632414661,-0.13127457268912182,-0.3568663856897712,0.0,0.0,0.0,0.0,0.0,0.14527518227037184,-30.0,30.0,30.0,51.96172730845832,-2.689766987250383,6.268849645685304,5.435409231735802,0.14527518227037184,-39.38736569152761,73.02021276504647,114.26852900267771,141.2113092981053,1.8400000000000014
0.0,0.0,0.0,0.0,0.0,0.0,0.0,0.0,0.0,0.0,0.0,0.0,0,0.0,-1.5707963267948966,nan,0.034314634404374225,-0.31424435928019046,-0.1355089176159772,0.11332144778027864,-1.5707982849618802,0.03783783163765112,-0.3440323209926647,1.6803422870205746,-0.1426969888381148,0.3802070753505547,0.029239204914836836,-0.37137368553218364,-0.07605310471514859,0.03084483667687224,0.0035231972332768965,-0.02978796171247422,-0.007188071222137604,0.012068502111909024,0.0013088519823149613,-0.011990783159878907,0.00039594055905802124,1.5005606040415511,0.16387216211891908,-0.38966655503402936,-0.15798781338070778,-1.570797698230978,1.6795667764512272,-1.0,0.861401911720968,0.798135847687164,0,zero,0,0.157987813380708,0.27130926116098664,1.4612568053595858,1.4633476532137237,1.2426965697298866,-0.32221968049942207,0.37649124435172954,1.4620324478120128,1.4784353856458519,1.1376843189921821,-0.6834534593426494,0.3944854239422552,0.09448092132313976,-0.0870183631785231,0.06436811306146979,0.38966500055210496,0.8327027268051477,-1.8091338032241582,-2.485912866167985,1.0,-0.9634174704551697,1.371436081143429e-06,-5.867309020857192e-07,0.0,0.0,0.0,1,0.06510811406453434,-4.5,9.0,9.0,0.06510811406453434,-2.7529418868535886,4.937771032298186,5.61928602655379,-0.004791558758953817,0.0027950074452766957,0.0023405553647049162,0.013169897421097424,-0.05379511244772942,-0.1164736615797764,0.0,0.0,0.0,0.0,0.0,0.12208534420501471,-30.0,30.0,30.0,51.96166764867415,-1.7470581131464114,4.062228967701814,3.38071397344621,0.12208534420501471,-33.22650911919337,57.77224317826872,84.386426162889,107.5300740047771,1.8500000000000014
0.0,0.0,0.0,0.0,0.0,0.0,0.0,0.0,0.0,0.0,0.0,0.0,0,0.0,-1.5707963267948966,nan,0.03356545778657279,-0.3186140348338301,-0.13748622151626202,0.11388480910182586,-1.5707982568722396,0.03650538036685056,-0.3442851800175471,1.6764368877467586,-0.14290655740928332,0.45181053380909475,-0.05832746529991287,0.4116816528757228,0.176773532911631,0.026401342409329835,0.002939922580277768,-0.025671145183716992,-0.005420335893021294,0.005455681575266792,0.0004828636074298404,-0.00524003683504095,0.0014399021337366692,-8.025666924422385,-0.8455397667747171,-0.375358851196306,-0.11589163423269122,-1.5707977639347832,1.6757614385908588,-1.0,0.861401911720968,0.7981358476871638,0,zero,0,0.11589163423269122,0.22977644333451686,1.4651622069585477,1.4642830133533187,1.2418350888383995,-0.3215824368487943,0.315689397178831,1.4658377935638989,1.4746976867258839,1.157233858185437,-0.6255454369399557,0.38658644946098264,0.09258908365005035,-0.08527595195511152,0.06307923886835222,0.3753591914546663,-1.1721637950665096,4.48066105663823,11.378582251221513,1.0,-0.6798417568206787,1.43713988665084e-06,-4.929374561868372e-07,0.0,0.0,0.0,0,0.02185116028332893,-2.392262419354327,5.588075134805888,8.138380654279839,0.02185116028332893,-3.0353502470056104,5.6662983525578445,6.5995619095793385,-0.004791558758953817,0.0027950074452766957,0.002340555364704916,-0.010157570050724781,0.05743944654709394,0.18902937074914372,0.0,0.0,0.0,0.0,0.0,0.04097348637414013,-15.948416129028846,18.626917116019627,27.12793551426613,36.56830023892961,0.6430878276512835,-0.0782232177519564,1.5388187447005004,0.04097348637414013,-15.948416129028846,18.626917116019627,27.12793551426613,36.56830023892961,1.8600000000000014
0.0,0.0,0.0,0.0,0.0,0.0,0.0,0.0,0.0,0.0,0.0,0.0,0,0.0,-1.5707963267948966,nan,0.0335434465066355,-0.3300948088891022,-0.13977367715805,0.11443674052117148,-1.5707982293380718,0.03519858674641069,-0.3445277031777547,1.6726107249596867,-0.14311183861747945,1.1501495520791556,-0.12847823405025827,1.1238250895064472,0.2082174433591849,0.014906080929941367,0.0016551402397751852,-0.01443289428865252,-0.003338161459429445,0.004659689336859735,-0.0005336679588407063,0.0039917444525042825,0.002343902611383929,-15.020535443039837,-1.5264425460969941,-0.3667161630640548,0.011666085852085839,-1.5707980787230484,1.6720696931485597,-0.17753073353925844,-0.8619925792255391,-0.7989148078077768,0,zero,0,-0.011666085852085839,0.10277065466908564,1.4689883720557657,1.465199396016858,1.240991086490522,-0.32095812220338005,0.12387372308163021,1.4695295365063337,1.4542791706284453,1.231646092604053,-0.44399399574386406,0.37863878925047645,0.09068558553965679,-0.08352280129188559,0.06178242063387445,0.3667105669979022,-2.4375666192685954,8.886456629277935,21.54678787889137,1.0,-0.26631543040275574,1.7519281518829644e-06,-1.5061502356417122e-07,0.0,0.0,0.0,1,-0.024526352848703678,0.3943947477819891,-9.0,-9.0,-0.024526352848703678,-2.4768735742381565,2.857820675549345,3.7849599338582784,-0.0008506489412735299,-0.0027969239955542087,-0.002342839686721619,-0.020764954756351355,0.14056849925070633,0.4346135064139512,0.0,0.0,0.0,0.0,0.0,-0.04598978595294145,2.629298318546594,-30.0,-30.0,42.50782662884947,2.8712683220201454,-11.857820675549345,-12.784959933858278,-0.04598978595294145,2.629298318546594,-33.21135782507388,-44.54811022484233,55.62772454359536,1.8700000000000014
0.0,0.0,0.0,0.0,0.0,0.0,0.0,0.0,0.0,0.0,0.0,0.0,0,0.0,-1.5707963267948966,nan,0.03363490028436682,-0.343474971185404,-0.1379362850504038,0.1149771746980337,-1.5707982023639988,0.03391771550073639,-0.34476017520745905,1.6688642654355232,-0.14331280943720026,1.3375348920305252,-0.13723250234056114,1.3147690266597456,-0.20383629273670045,0.0055352279362943695,0.0002828152163695738,-0.0012852040220550642,-0.00537652438679645,0.011478214012166098,-0.0012684170383482434,0.011406102345531384,0.00020333324661135632,-15.391527352004973,-1.5073092301123687,-0.366431453598386,0.1702169016092394,-1.570798541672761,1.668412998286954,0.8622354219548959,-0.8614019117626819,-0.7981358264373851,0,zero,0,-0.17021690160923963,-0.05523972691120571,1.4727348338727864,1.4660966894089347,1.2401646656515213,-0.3203468127273327,0.1384459051346246,1.4731860819343567,1.4294047142664157,1.3248289459377987,-0.2171347803499018,0.37064646999102,0.08877139139885465,-0.08175979942224011,0.06047831539070745,0.3664163004759972,-2.3716774141480976,9.074537971300867,22.168018281851573,1.0,-0.13133005797863007,2.214877864226139e-06,3.393087624203872e-07,0.0,0.0,0.0,1,-0.06925478708719274,1.879230606906962,-9.0,-9.0,-0.06925478708719274,-1.3948812828508566,-0.8400545583288261,-0.3511359692226972,0.004131451688348222,-0.0027950074454120453,-0.0023405553023893542,-0.021949405832471583,0.1568590519075804,0.4884781878492326,0.0,0.0,0.0,0.0,0.0,-0.1298608420911171,12.528204046046413,-30.0,-30.0,44.23768484513721,3.2741118897578185,-8.159945441671173,-8.648864030777302,-0.1298608420911171,12.528204046046413,-73.04956304529456,-102.75075294993964,126.69225964259094,1.8800000000000014
0.0,0.0,0.0,0.0,0.0,0.0,0.0,0.0,0.0,0.0,0.0,0.0,0,0.0,-1.5707963267948966,nan,0.03326237678908138,-0.35305724014072987,-0.13282464909256236,0.1155060501480003,-1.5707981759542906,0.032663013807945895,-0.3449828799823924,1.6651979353563124,-0.1435094490122503,1.0796178451291658,-0.08821781975050583,0.9359564180392521,-0.5308275532891482,0.01340594932384373,-0.0005993629811354845,0.008074360158337457,-0.010684799919687932,0.014302567291325684,-0.0014311971057374847,0.013819319105308078,-0.003397282065577583,-10.13785194171406,-0.955167176112718,-0.369608459361301,0.2967522349315379,-1.5707989814103416,1.6647332993481911,1.0,-0.8614019117209757,-0.798135847687191,0,zero,0,-0.2967522349315379,-0.1812461847835376,1.4764011662253311,1.466974791456619,1.2393559203321158,-0.3197485779610614,0.33166434278808055,1.476865523672108,1.4102869239108802,1.3995965573995262,-0.034949623337702046,0.36261358383737635,0.08684748131595323,-0.07998784902239008,0.05916759085498078,0.36959350838836985,-1.546856123421293,6.101119510937195,14.73701309032046,1.0,-0.426891952753067,2.6546154447970594e-06,8.054560511894238e-07,0.0,0.0,0.0,1,-0.12127182375601579,2.114821114751145,-9.0,-9.0,-0.12127182375601579,-0.29427728418765764,-3.6774823943578228,-3.564622275296069,0.004791558758953817,-0.0027950074452767204,-0.0023405553647049956,-0.016876203383062643,0.11662769884150798,0.36014606499602975,0.0,0.0,0.0,0.0,0.0,-0.2273988819726529,14.0988074316743,-30.0,-30.0,44.70825518007784,2.4090983989388026,-5.322517605642178,-5.435377724703931,-0.2273988819726529,14.0988074316743,-79.55282929490271,-114.70026119063782,140.29836295292765,1.8900000000000015
0.0,0.0,0.0,0.0,0.0,0.0,0.0,0.0,0.0,0.0,0.0,0.0,0,0.0,-1.5707963267948966,nan,0.0322338734325333,-0.3562721516790791,-0.1295974520114443,0.11602331133698485,-1.5707981501128656,0.03143471108112223,-0.3451961001163716,1.6616121196552327,-0.14370173868727265,0.45544440660580565,-0.019979937027558153,0.3001691404370066,-0.34194867561404274,0.017951280770953867,-0.000799162351411066,0.011076051562707523,-0.01410428667582836,0.012127150936729019,-0.0010854099353622695,0.011194194591191468,-0.004536483502556143,-1.6257374421490511,-0.1470976972704799,-0.37089664556854834,0.34899604419118724,-1.5707991852572665,1.6610275669280865,1.0,-0.8614019117209681,-0.798135847687164,0,zero,0,-0.34899604419118724,-0.2329727328542024,1.479986984178042,1.46783360996627,1.2385649354440489,-0.3191634807143968,0.4161546648207793,1.4805711126237884,1.4012482129548878,1.4336771924579754,0.042336112527175285,0.3545442884187794,0.08491485106067355,-0.07820786721136871,0.05785092542628124,0.37089450267815677,-0.4527968977254635,1.4633778732976632,2.642959842386959,1.0,-0.6472500562667847,2.858462369914605e-06,1.0351444008627197e-06,0.0,0.0,0.0,1,-0.1542147207460333,1.688644475468226,-9.0,-9.0,-0.1542147207460333,0.4778256453891957,-5.569883815176997,-5.620513896043032,0.004791558758953817,-0.002795007445276696,-0.0023405553647049162,-0.009477758738453919,0.04524366813473843,0.11971195247598213,0.0,0.0,0.0,0.0,0.0,-0.2891706745659728,11.25762983645484,-30.0,-30.0,43.89553336290228,1.2108188300790301,-3.430116184823003,-3.3794861039569684,-0.2891706745659728,11.25762983645484,-60.031293419356516,-84.59949637515251,104.343896926193,1.9000000000000015
0.0,0.0,0.0,0.0,0.0,0.0,0.0,0.0,0.0,0.0,0.0,0.0,0,0.0,-1.5707963267948966,nan,0.030581658725058393,-0.35253986647927427,-0.131654837878799,0.11652890877568378,-1.57079812484328,0.030233018756252224,-0.34540011657005326,1.6581071613618574,-0.1438896620393338,0.43809052969171186,0.04505223826048975,-0.3936301653486518,0.1869462515293574,0.01416998591506979,-0.0003486399688061685,0.007139749909221005,-0.012234824160534785,0.005163142363858232,-0.00042251057420136817,0.0048300466740662,-0.0017748726744467175,8.081835082506386,0.7011176868961232,-0.36832219487391904,0.3071240805642328,-1.5707990105252205,1.6573281419952526,1.0,-0.861401911720968,-0.7981358476871638,0,zero,0,-0.30712408056423257,-0.1905951717885488,1.4834919446992265,1.4686730627803524,1.237791786655658,-0.3185915769597561,0.35893805052145045,1.484270670907555,1.4041340259812833,1.4163476130173096,-0.01397961511487398,0.3464428068389414,0.08297451208415009,-0.0764207855510292,0.05652900818765403,0.3683357254859557,0.8073786099669208,-3.921005287693098,-11.225816302952907,1.0,-0.4289172291755676,2.683730324193334e-06,8.8568194023253e-07,0.0,0.0,0.0,0,-0.1410982693668358,0.5542815052921644,-7.5545536454071645,-8.146160464255175,-0.1410982693668358,0.7595234803938025,-6.468575954458372,-6.603160630547563,0.004791558758953817,-0.0027950074452766957,-0.002340555364704916,0.008466382104044148,-0.050728968553709446,-0.18569784766093564,0.0,0.0,0.0,0.0,0.0,-0.26457579104975776,3.6952100352810957,-25.181845484690548,-27.15386821418392,37.21803969262956,-0.2052419751016381,-1.0859776909487922,-1.5429998337076114,-0.26457579104975776,3.6952100352810957,-25.181845484690548,-27.15386821418392,37.21803969262956,1.9100000000000015
0.0,0.0,0.0,0.0,0.0,0.0,0.0,0.0,0.0,0.0,0.0,0.0,0,0.0,-1.5707963267948966,nan,0.02842247402723956,-0.3421197813710774,-0.13678075780952872,0.11702279911403135,-1.5707981001487321,0.029058130086485764,-0.3455952082726569,1.6546833609474105,-0.14407320490957357,1.1750655658449587,0.0984296028052372,-1.0615176810800486,0.4942377060489944,0.008103236111630413,0.0006356560592462035,-0.0034754269015794814,-0.007292447100044841,0.004405134809610343,0.0003738619439831312,-0.003849939481858681,0.002107938785569358,15.099181282007494,1.2544933706642933,-0.35950079402414287,0.1788721294574831,-1.5707985343853894,1.6536860760871623,0.48260923239678943,0.8331160726111599,0.7989190548203057,0,zero,0,-0.1788721294574831,-0.06184933034345175,1.4869157473156025,1.4694930779342483,1.2370365402474484,-0.3180329157253088,0.17363059360949643,1.4879130254314115,1.4201670760916263,1.3483229873955849,-0.1942231394678884,0.3383134276760531,0.08102749151893081,-0.07462755004604467,0.055202538905602824,0.359516881796126,2.1080681698878028,-8.390094917798068,-21.433232058720513,1.0,-0.18364256620407104,2.207590492631084e-06,4.3423665729847016e-07,0.0,0.0,0.0,1,-0.08528379916504143,-1.5760539260295046,5.686995706779519,9.0,-0.08528379916504143,0.41551717084685014,-4.266168933502191,-3.788853918197744,0.0023124504946428147,0.0027032278359769408,0.0023428521412028796,0.017744507314057963,-0.13040441206801853,-0.4320299278683233,0.0,0.0,0.0,0.0,0.0,-0.15991711825434357,-10.507026173530031,18.95665235593173,30.0,37.0105098727322,-1.9915710968763547,9.95316464028171,12.788853918197745,-0.15991711825434357,-10.507026173530031,18.95665235593173,44.43586815550032,49.440107400496366,1.9200000000000015
0.0,0.0,0.0,0.0,0.0,0.0,0.0,0.0,0.0,0.0,0.0,0.0,0,0.0,-1.5707963267948966,nan,0.02617759383189546,-0.3290918358311782,-0.13941520438678848,0.11750494523565647,-1.5707980760320521,0.02791021994233698,-0.34578165175736786,1.6513409756700308,-0.1442523554349271,1.3485247468603019,0.10969700511953145,-1.3214389024610196,0.2455296051906225,0.0174628170451158,0.001732626110441518,-0.016689815926189677,-0.004837151048138616,0.011795829696798984,0.000978822262521311,-0.011356120000015584,0.00303678180966686,15.31211993141121,1.2181017217173846,-0.34368023176129836,0.020702303455575333,-1.570798016876229,1.650177518180707,-0.7220386519793736,0.8614019046363495,0.7981358262909455,0,zero,0,-0.020702303455575333,0.09680264178008091,1.4902581347670383,1.4702935938130728,1.2362992529676655,-0.3174875389881426,0.10695543568309601,1.4914217441059978,1.4463561763291874,1.2543843534620975,-0.420142497074811,0.33016050498277555,0.07907483217897517,-0.07282912114390631,0.053872228030088364,0.343685115703917,2.8278679683783183,-9.54815434460974,-22.080780588311047,1.0,-0.31266799569129944,1.6900813326614639e-06,-5.91558233509204e-08,0.0,0.0,0.0,1,-0.014710581252624462,-4.387535279646189,9.0,9.0,-0.014710581252624462,-0.6173279791417343,-0.5162378571766683,0.34807511886722875,-0.003459690627194974,0.002795007422289097,0.002340555301959916,0.02404383094556215,-0.16149273813187415,-0.4866203282536099,0.0,0.0,0.0,0.0,0.0,-0.027584063852661656,-29.25023519764126,30.0,30.0,51.53229104161691,-3.7702073005044543,9.516237857176668,8.651924881132771,-0.027584063852661656,-29.25023519764126,58.62911554865312,102.50016461186483,121.65210214161783,1.9300000000000015
0.0,0.0,0.0,0.0,0.0,0.0,0.0,0.0,0.0,0.0,0.0,0.0,0,0.0,-1.5707963267948966,nan,0.024309439170465106,-0.3190396806343124,-0.1386724470292943,0.11797531635233738,-1.5707980524957035,0.026789444617449865,-0.34595972081110354,1.6480802189200179,-0.14442710407992834,1.0298440724444737,0.07473793365432406,-1.0230224250601494,-0.09175060024954329,0.027639737117193013,0.0024800054469847586,-0.02692004017679117,-0.005754657050634049,0.01448017690203033,0.0011487678812421246,-0.014365470963520512,0.0014103543758106395,9.966135659303722,0.7594469702559334,-0.32537205642715256,-0.10415610277106802,-1.5707976288031646,1.6468489727059457,-1.0,0.8614019117209732,0.7981358476871911,0,zero,0,0.1041561027710678,0.2221314191234054,1.493518893661306,1.4710745593084877,1.2355799718878644,-0.3169554815674275,0.29175944755977173,1.4947502721550612,1.4729155241190275,1.1712907872147862,-0.6015351198587597,0.3219884582862563,0.07711759255965812,-0.07102647373492713,0.05253879669453118,0.32536863047601744,2.3730629295578325,-7.042171653337385,-14.664138290819071,1.0,-0.7404233813285828,1.3020082683112832e-06,-4.236925388312329e-07,0.0,0.0,0.0,1,0.027955136924595784,-4.5,9.0,9.0,0.027955136924595784,-1.8062666055571654,2.691984875152831,3.562138586483337,-0.004791558758953817,0.0027950074452767126,0.002340555364704996,0.022620327722699018,-0.13170619899487826,-0.3585229403804794,0.0,0.0,0.0,0.0,0.0,0.05241915793098778,-30.0,30.0,30.0,51.96155066747064,-2.6937333944428348,6.308015124847169,5.4378614135166625,0.05241915793098778,-39.330646281835214,73.11143697490282,114.50560771999868,141.43450392523164,1.9400000000000015
0.0,0.0,0.0,0.0,0.0,0.0,0.0,0.0,0.0,0.0,0.0,0.0,0,0.0,-1.5707963267948966,nan,0.023044871381214967,-0.31554917381973535,-0.13804826751846272,0.11843388809845812,-1.5707980295417778,0.025695941639556227,-0.34612968613929357,1.6449012595651045,-0.1445974436685962,0.3749610656738562,0.017106481135650137,-0.3660472142767046,-0.079451909949943,0.03138610545268066,0.00265107025834126,-0.030580512319558217,-0.006549176150133479,0.012035155935652476,0.0008783339134271731,-0.011996063774255994,0.00040983149705431984,1.5315412612237598,0.11186491887903195,-0.3079920519785062,-0.15494098658420263,-1.5707974467808807,1.6437020254594523,-1.0,0.861401911720968,0.7981358476871641,0,zero,0,0.15494098658420263,0.273374874682661,1.496697855128816,1.471835933975515,1.2348787342584842,-0.31643677101758294,0.37680623579953987,1.4978971643126568,1.4879925312292153,1.1304215254362677,-0.6781122566191835,0.31380177258810543,0.07515684683776427,-0.06922059715223648,0.05120297671580764,0.3079899621683291,0.8124263139594561,-1.8445532663233426,-2.5677479630812807,1.0,-0.9834402203559875,1.1199859839550186e-06,-5.827608973163478e-07,0.0,0.0,0.0,1,0.02810071084370063,-4.5,9.0,9.0,0.02810071084370063,-2.748269390546019,4.911863585396553,5.618451504392809,-0.004791558758953817,0.0027950074452766957,0.0023405553647049167,0.013021267591765546,-0.05437544744530555,-0.1182043673496123,0.0,0.0,0.0,0.0,0.0,0.0526921260898193,-30.0,30.0,30.0,51.961550943559715,-1.7517306094539808,4.088136414603447,3.3815484956071913,0.0526921260898193,-33.2809193399272,58.08313642871759,84.71489872851821,107.97169616409204,1.9500000000000015
0.0,0.0,0.0,0.0,0.0,0.0,0.0,0.0,0.0,0.0,0.0,0.0,0,0.0,-1.5707963267948966,nan,0.02240464951913032,-0.31992791359586414,-0.1398913933207467,0.1188806426254636,-1.5707980071719907,0.024629829586237946,-0.3462918150463022,1.641804221295697,-0.1447633694164224,0.45578711806329747,-0.04258901912336348,0.4216610869120174,0.16772000544577892,0.02690246972112965,0.0022251800671076252,-0.026363901450438043,-0.00487197609567569,0.005368655310824982,0.000301096242992262,-0.005177139006184859,0.0013888961838613,-8.03442403260587,-0.5627030029800386,-0.29295953794331203,-0.11307245393845111,-1.5707975171379402,1.6407164532718055,-1.0,0.861401911720968,0.798135847687164,0,zero,0,0.11307245393845111,0.23195309656391494,1.4997948954773745,1.4725776881893526,1.2341955673644172,-0.3159314275214412,0.3166694171973477,1.5008827535392248,1.484053769833943,1.149701464312095,-0.6209025449283448,0.30560499836442,0.07319368487149369,-0.06741249517178556,0.04986551059425392,0.2929616951497227,-1.1936144230224417,4.463361738423956,11.32385227035519,1.0,-0.6969428062438965,1.190343043688813e-06,-4.900340506708289e-07,0.0,0.0,0.0,0,0.004114882151388956,-2.4061176166431117,5.704558843038608,8.247438514549549,0.004114882151388956,-3.033912547976349,5.672298032014984,6.6198987376432825,-0.004791558758953817,0.0027950074452766957,0.0023405553647049162,-0.010299754274671004,0.0570600816114418,0.187668220014475,0.0,0.0,0.0,0.0,0.0,0.007715886276746589,-16.04078411095408,19.015196143462028,27.491461715165165,37.076474563257264,0.6277949313332374,0.032260811023624214,1.627539776906266,0.007715886276746589,-16.04078411095408,19.015196143462028,27.491461715165165,37.076474563257264,1.9600000000000015
0.0,0.0,0.0,0.0,0.0,0.0,0.0,0.0,0.0,0.0,0.0,0.0,0,0.0,-1.5707963267948966,nan,0.02225875498243765,-0.3314704862122736,-0.1420070029598382,0.1193155686963141,-1.5707979853876781,0.023591207905136927,-0.3464463711320828,1.6387891819701523,-0.14492487896245476,1.1588890776512324,-0.08927271444083493,1.138801653062882,0.195410009305913,0.015315565947402165,0.001332452922699276,-0.014975884919809224,-0.0029178760026165595,0.004710450602619857,-0.0003937237559421998,0.004133269612469528,0.002224726678575266,-15.083523158734486,-1.0129748083582883,-0.28379237279437697,0.014531254968382257,-1.5707978387315198,1.6378506469647272,-0.18193529643618964,-0.8620201424747763,-0.7989548052935718,0,zero,0,-0.014531254968382257,0.10478431372793207,1.502809936846913,1.4732998033021867,1.233530488380583,-0.31543946378341503,0.12485904194788519,1.503748586273045,1.4633797595964055,1.2241295872631144,-0.4395447218688545,0.29740275156576895,0.07122921220045841,-0.06560318601234404,0.048527151513663574,0.28379025450846523,-2.4656906966340455,8.89933203590759,21.551140902983118,1.0,-0.2750406563282013,1.5119366230109677e-06,-1.4665615832853973e-07,0.0,0.0,0.0,1,-0.020140017872883144,0.38796892279821193,-9.0,-9.0,-0.020140017872883144,-2.478566701986353,2.8759544604737246,3.8123092646627197,-0.0008717536632016836,-0.002797013430562172,-0.00234295698045078,-0.020953446804741625,0.14069604243331973,0.434461823124449,0.0,0.0,0.0,0.0,0.0,-0.03776489381751949,2.586459485321413,-30.0,-30.0,42.50519025785456,2.866535624784565,-11.875954460473725,-12.81230926466272,-0.03776489381751949,2.586459485321413,-32.93237692494317,-44.29576396348786,55.257102293659706,1.9700000000000015
0.0,0.0,0.0,0.0,0.0,0.0,0.0,0.0,0.0,0.0,0.0,0.0,0,0.0,-1.5707963267948966,nan,0.022184072147351203,-0.3449419283275188,-0.13997083796203497,0.11973866177993853,-1.570797964189797,0.02258015673822161,-0.34659361400562966,1.6358561729600156,-0.1450819724014958,1.3535931946346211,-0.09363683318288699,1.3324199241698365,-0.21932584368442865,0.005385967307795717,0.0003960845908704061,-0.001651685678110859,-0.005111134439460846,0.011651440950145678,-0.000885161426309481,0.01161775050974384,2.0941763348674217e-05,-15.487915807680967,-0.9961566376171394,-0.2834747312716836,0.17349503019677237,-1.5707983051354737,1.6350230238993566,0.8607769726859533,-0.8614019117690652,-0.798135823908284,0,zero,0,-0.17349503019677215,-0.053756368416833844,1.5057429478642486,1.474002271800007,1.2328835042274997,-0.31496088492266094,0.1377592847140596,1.506576094177502,1.4382035845190393,1.3175372999152175,-0.21234940770509206,0.289199713617199,0.0692645500456838,-0.06379370233550137,0.04718866334128849,0.28346301275521957,-2.4025039434198745,9.100911259376089,22.21832575174258,1.0,-0.12938940525054932,1.97834057713564e-06,3.409456770242514e-07,0.0,0.0,0.0,1,-0.04726283995821476,1.8833590361755614,-9.0,-9.0,-0.04726283995821476,-1.3966783543718222,-0.8248226832261286,-0.33014226393814705,0.00412446344297913,-0.0027950074454327575,-0.0023405552949726954,-0.022163790164253294,0.15726594724878384,0.48937840265343924,0.0,0.0,0.0,0.0,0.0,-0.08862336388189529,12.555726907837077,-30.0,-30.0,44.24538543492202,3.280037390547384,-8.17517731677387,-8.669857736061854,-0.08862336388189529,12.555726907837077,-72.99207283551002,-102.79187178091331,126.69516854771113,1.9800000000000015
0.0,0.0,0.0,0.0,0.0,0.0,0.0,0.0,0.0,0.0,0.0,0.0,0,0.0,-1.5707963267948966,nan,0.02179151285189703,-0.3546210154513279,-0.13465385288630427,0.12014992414568804,-1.5707979435789166,0.021596736749764832,-0.34673379901574675,1.6330051784952937,-0.145234652316412,1.1011675848981466,-0.05908606930026053,0.9538902113692016,-0.5469664990646883,0.013198463448895534,-0.0001947761021321992,0.007887216435581157,-0.010580799430107729,0.014572095948053075,-0.0009822762321547635,0.014079515985601393,-0.003626064441540379,-10.244344292286216,-0.6295733051744244,-0.2870223668527676,0.30074234447800285,-1.5707987457250332,1.6321712355393803,1.0,-0.8614019117209766,-0.7981358476871907,0,zero,0,-0.3007423444780031,-0.1805924203323146,1.508593944297814,1.4746850974594201,1.2322546114268547,-0.3144956883662466,0.33175506862558074,1.5094276507018332,1.4187828883500369,1.3925772503447886,-0.02948283784985978,0.28100063141822784,0.0673008353096069,-0.06198509124566533,0.04585082062783778,0.2870094992071544,-1.5763977243711897,6.1277477877732895,14.815021686019286,1.0,-0.4232148826122284,2.4189301366384086e-06,8.021461166407562e-07,0.0,0.0,0.0,1,-0.09623633124204252,2.121471622538553,-9.0,-9.0,-0.09623633124204252,-0.2942161830996376,-3.6669294958766114,-3.55127790520058,0.004791558758953817,-0.0027950074452767234,-0.0023405553647049947,-0.017086063520357957,0.11706901145291489,0.36169694391063406,0.0,0.0,0.0,0.0,0.0,-0.18045439947879716,14.143144150257019,-30.0,-30.0,44.72204255448582,2.4156878056381905,-5.333070504123389,-5.44872209479942,-0.18045439947879716,14.143144150257019,-79.602229590931,-114.990216733655,140.56786969483989,1.9900000000000015
0.0,0.0,0.0,0.0,0.0,0.0,0.0,0.0,0.0,0.0,0.0,0.0,0,0.0,-1.5707963267948966,nan,0.02096044690142085,-0.3579405029850799,-0.1312568144577876,0.12054936495779378,-1.570797923555219,0.02064098895766272,-0.34686717699963576,1.6302361350097003,-0.145382923810568,0.4768234691493333,-0.012468184162593016,0.3186109549862981,-0.3545309922672657,0.01795181236545358,-0.00031945794375812936,0.011073325985444138,-0.014126109352780386,0.012463591181624744,-0.0007366682325691423,0.011490080924176936,-0.004772469529883123,-1.7283739988374442,-0.10122022705484081,-0.28880868885982086,0.35390902169348104,-1.5707989532755253,1.6292895997677945,1.0,-0.8614019117209681,-0.798135847687164,0,zero,0,-0.35390902169348104,-0.23335965673568726,1.5113629897124161,1.4753482955044652,1.2316437959570772,-0.31404386374231436,0.4171787903130661,1.512309150178069,1.4094660617129138,1.426896513784575,0.048686277435748264,0.27281031734285843,0.06533922057607988,-0.06017841429006508,0.044514408607480106,0.2888066443215943,-0.4793996914430757,1.4851006373090263,2.7370364545410806,1.0,-0.6489691138267517,2.626480628542538e-06,1.0297203063558413e-06,0.0,0.0,0.0,1,-0.14048530279973168,1.6926980780902172,-9.0,-9.0,-0.14048530279973168,0.4795338884467279,-5.563026077593904,-5.6130851071907255,0.004791558758953817,-0.002795007445276696,-0.0023405553647049162,-0.009667976607660143,0.045615372901492514,0.12164080270755455,0.0,0.0,0.0,0.0,0.0,-0.26342640689992813,11.284653853934781,-30.0,-30.0,43.90230980341441,1.2131641896434893,-3.4369739224060956,-3.3869148928092745,-0.26342640689992813,11.284653853934781,-60.09434604684702,-85.06112826206916,104.75752371113664,2.0000000000000013
0.0,0.0,0.0,0.0,0.0,0.0,0.0,0.0,0.0,0.0,0.0,0.0,0,0.0,-1.5707963267948966,nan,0.019724757299578177,-0.354319350286896,-0.1332389836987361,0.12093700036981536,-1.570797904118496,0.01971293456775301,-0.3469939940497506,1.6275489304859194,-0.14552679454038916,0.4185840187321626,0.03076352119329613,-0.3747969748298774,0.1838298511127323,0.014305638016471648,-1.1822731825168048e-05,0.007325356237145364,-0.012287810841653063,0.005517288282766198,-0.00028551668262051223,0.005152288502498334,-0.0019526580361440733,8.020565033059022,0.4465453730441237,-0.28662540603396475,0.31294757274859974,-1.5707987871775893,1.6264102235523534,1.0,-0.861401911720968,-0.7981358476871637,0,zero,0,-0.31294757274859997,-0.19201057237878416,1.514050196123971,1.4759918927634257,1.2310510331089102,-0.3136053927732481,0.36072064425541345,1.515188646311387,1.4120980242722028,1.4097154813906017,-0.006824240137307282,0.2646336492395608,0.06338087411036566,-0.058374747458747246,0.043180223197840685,0.28663698060075543,0.7825526612570768,-3.9122101143461876,-11.162643469343479,1.0,-0.43409258127212524,2.460382692692775e-06,8.830590934039151e-07,0.0,0.0,0.0,0,-0.1475062492148188,0.5546771194860349,-7.566381568205185,-8.321046445942637,-0.1475062492148188,0.7616305316054904,-6.466454428620219,-6.632007386209509,0.004791558758953817,-0.0027950074452766957,-0.0023405553647049154,0.008291449195897155,-0.05052793239421847,-0.18412318293558522,0.0,0.0,0.0,0.0,0.0,-0.2765915042468007,3.697847463240233,-25.221271894017285,-27.736821486475456,37.67219665544029,-0.2069534121194555,-1.099927139584966,-1.689039059733128,-0.2765915042468007,3.697847463240233,-25.221271894017285,-27.736821486475456,37.67219665544029,2.010000000000001
0.0,0.0,0.0,0.0,0.0,0.0,0.0,0.0,0.0,0.0,0.0,0.0,0,0.0,-1.5707963267948966,nan,0.018173707982510903,-0.3439648353302097,-0.13842055561345484,0.12131285361909572,-1.5707978852681428,0.018812574810793323,-0.34711449129934185,1.624943403800865,-0.14566627474805563,1.1643537538378144,0.06506895601075882,-1.04750122062775,0.5042091707052276,0.007926470168094326,0.0006388668282824202,-0.003149655969132137,-0.0072457191346007865,0.004102852744328746,0.0002430184707193235,-0.0035422131661453585,0.0020559835967540307,15.109190405040891,0.7983989840177117,-0.2778927941716613,0.18514814889135334,-1.5707983197820887,1.6235858096721973,0.4822616508727799,0.8333697789563074,0.7989879795104153,0,zero,0,-0.18514814889135334,-0.0638352952722574,1.5166557246542491,1.476615927825645,1.2304762873409831,-0.3131802491688386,0.17516505133571653,1.5180133205306479,1.4278876642190699,1.3416501843741837,-0.18689931993872866,0.25647557043128794,0.06142697985914174,-0.05657518118457937,0.04184907100000395,0.2779055534914395,2.084186214909729,-8.403106062143351,-21.4491899164119,1.0,-0.18241240084171295,1.9929871921675613e-06,4.345139457129221e-07,0.0,0.0,0.0,1,-0.11429644885960145,-1.5755074037063062,5.705998426999483,9.0,-0.11429644885960145,0.4173825773455931,-4.262355828157189,-3.8306312613999536,0.0023107850373469963,0.002704051041862547,0.0023430542647557362,0.01757538854330132,-0.13054332758696474,-0.4320213916062637,0.0,0.0,0.0,0.0,0.0,-0.21431923656403798,-10.503382691375375,19.019994756664943,30.0,37.04223510049316,-1.9928899810518992,9.968354255156672,12.830631261399954,-0.21431923656403798,-10.503382691375375,19.019994756664943,43.97219645193709,49.04774451540005,2.020000000000001
0.0,0.0,0.0,0.0,0.0,0.0,0.0,0.0,0.0,0.0,0.0,0.0,0,0.0,-1.5707963267948966,nan,0.016591161113975114,-0.3309095502154553,-0.14115765630768992,0.12167695512121379,-1.570797867003159,0.017939890781764254,-0.34722890472707424,1.6224193440709251,-0.1458013772943399,1.3443037577602412,0.07098628395067197,-1.3169698542486785,0.26019981479508125,0.017020709385760772,0.0013487296677891399,-0.016319354511618922,-0.004643720986649974,0.011562909480754436,0.0006341318675737462,-0.011121590557808817,0.0030998348180356298,15.373660832321653,0.7709058713497842,-0.2617057658070444,0.026854300687843224,-1.5707978062483812,1.620895859754209,-0.7228939198589531,0.8614019048061409,0.7981358221945881,0,zero,0,-0.026854300687843224,0.09482265443337035,1.5191797861856295,1.4772204511983413,1.2299195121353808,-0.3127683985194473,0.10480909777970682,1.5207033996137558,1.4538539073338699,1.2474672279790595,-0.41340988040448823,0.24834108971546473,0.05947873745049754,-0.05478082034324747,0.04052176929851169,0.2617073243120193,2.8068962630659597,-9.578729641205982,-22.16481035718283,1.0,-0.3019257187843323,1.4794534846096496e-06,-6.075477809730501e-08,0.0,0.0,0.0,1,-0.059460166947275704,-4.3906275441010365,9.0,9.0,-0.059460166947275704,-0.6164275419716749,-0.5114745901790733,0.3155595732087336,-0.0034637886934946256,0.002795007422840022,0.0023405552899472353,0.0238922265857449,-0.1619484964948342,-0.4881564133238036,0.0,0.0,0.0,0.0,0.0,-0.11149478144998257,-29.270850294006912,30.0,30.0,51.54410837351302,-3.7742000021293616,9.511474590179073,8.684440426791266,-0.11149478144998257,-29.270850294006912,58.8897866246574,102.42347265009835,121.71840381151725,2.0300000000000007
0.0,0.0,0.0,0.0,0.0,0.0,0.0,0.0,0.0,0.0,0.0,0.0,0,0.0,-1.5707963267948966,nan,0.015275871335242953,-0.320749796164724,-0.14045337843778072,0.12202934256443565,-1.5707978493221424,0.017094843281195888,-0.3473374649810527,1.6199764899972324,-0.14593211769158398,1.031293663157883,0.0470242278163795,-1.0268314304709814,-0.08350182671532924,0.027207156702568316,0.0018189719459529349,-0.026587668816328736,-0.005478739253803266,0.014333168975458846,0.000734948657320792,-0.014234742745112742,0.0015072101149536162,10.052726651976638,0.4788372979102788,-0.24285487572882747,-0.0985609820454667,-1.5707974187379108,1.6183898333420492,-1.0,0.8614019117209729,0.7981358476871904,0,zero,0,0.0985609820454667,0.22059032460990213,1.5216226420158325,1.47780552546342,1.2293806498532183,-0.31236979818917404,0.29096126739732764,1.523209383795596,1.4802220681534644,1.1640396152113268,-0.5958846141853366,0.24023528136399344,0.05753736219393569,-0.05299278425325728,0.03919914606136393,0.24284926532658352,2.3548790142165896,-7.075093331270192,-14.784338550435185,1.0,-0.7254673838615417,1.0919430142308784e-06,-4.305842313812036e-07,0.0,0.0,0.0,1,-0.017252626721197636,-4.5,9.0,9.0,-0.017252626721197636,-1.8060315271999061,2.695805585091288,3.5412802942189683,-0.004791558758953817,0.0027950074452767117,0.002340555364704994,0.022490766697765896,-0.1322570307463497,-0.3609529676981989,0.0,0.0,0.0,0.0,0.0,-0.032350697020809366,-30.0,30.0,30.0,51.961534297666745,-2.693968472800094,6.304194414908713,5.458719705781032,-0.032350697020809366,-39.42608591122003,73.52935670591967,114.78525066243907,141.90361998226768,2.0400000000000005
0.0,0.0,0.0,0.0,0.0,0.0,0.0,0.0,0.0,0.0,0.0,0.0,0,0.0,-1.5707963267948966,nan,0.014365453202558266,-0.31711619667538316,-0.13976699453456778,0.12237006100416847,-1.5707978322232858,0.016277372658202137,-0.347440397222563,1.6176145292109174,-0.14605851413682863,0.3825038628570124,0.00929475096909365,-0.3736531730851089,-0.08127803484575813,0.03102895089647865,0.0019119194556438714,-0.030324200547179825,-0.006291519602260848,0.01198128225624536,0.0005509556509401508,-0.011959682411464168,0.00046213525231433936,1.6274165984645836,0.07373743570957257,-0.22501988098680376,-0.15019038563659226,-1.5707972385320264,1.6160698026850047,-1.0,0.8614019117209679,0.798135847687164,0,zero,0,0.15019038563659226,0.27256044664076073,1.5239846045126688,1.4783712254342873,1.2288596315902116,-0.31198439720902127,0.3773337948909994,1.5255293492502318,1.4951161580513503,1.1229114227444594,-0.6737481195535447,0.23216328512325782,0.05560408508037304,-0.05121220667593512,0.03788203994001967,0.22501741657716243,0.7934837460618837,-1.86409224511189,-2.699694669407248,1.0,-0.9713042378425598,9.117371297939769e-07,-5.936912597093169e-07,0.0,0.0,0.0,1,-0.004933099368345855,-4.5,9.0,9.0,-0.004933099368345855,-2.748222806526978,4.91445142410646,5.6065373261484135,-0.004791558758953817,0.0027950074452766953,0.0023405553647049162,0.012892347086622062,-0.0547518053891669,-0.12096156483614978,0.0,0.0,0.0,0.0,0.0,-0.009250139449364064,-30.0,30.0,30.0,51.961525050416675,-1.7517771934730222,4.08554857589354,3.3934626738515865,-0.009250139449364064,-33.41008495087966,58.53667996308107,85.20997537712707,108.64399047743439,2.0500000000000003
0.0,0.0,0.0,0.0,0.0,0.0,0.0,0.0,0.0,0.0,0.0,0.0,0,0.0,-1.5707963267948966,nan,0.013863617303241638,-0.3213568876587864,-0.14147817739749877,0.12269916295740835,-1.5707978157043774,0.015487398654935466,-0.3475379209897818,1.6153330976183522,-0.14618058754509605,0.4446810880520364,-0.02881381039500433,0.4143167216184407,0.1589109454663562,0.02664949968297768,0.001623781351693828,-0.026181033330995418,-0.004702410147597286,0.005380780194069114,0.0001749021416575505,-0.005201803546262741,0.0013650804385890317,-7.96396856481695,-0.34362298815640496,-0.20968267439290067,-0.10924533208139486,-1.5707973147700507,1.6139144661720806,-1.0,0.8614019117209679,0.7981358476871638,0,zero,0,0.10924533208139486,0.2319444950388032,1.5262660377687933,1.478917638312669,1.2283563770322485,-0.31161213617005856,0.3182328019811169,1.5276847117766836,1.490954028990843,1.142165786130786,-0.6177108309734033,0.22413030621410368,0.053680152782136004,-0.049440235815423644,0.03657130026939366,0.20968649466109296,-1.2194294605119462,4.47586457376225,11.2278134831491,1.0,-0.6908896565437317,9.879751541319592e-07,-5.009343269080091e-07,0.0,0.0,0.0,0,-0.009684240628168894,-2.417769023920592,5.817693846330343,8.42747058521413,-0.009684240628168894,-3.035824904581815,5.6957134099520905,6.647260008296862,-0.004791558758953817,0.0027950074452766953,0.002340555364704916,-0.010464771044058678,0.05711977398150795,0.18534196173426032,0.0,0.0,0.0,0.0,0.0,-0.01815908612069922,-16.118460159470615,19.392312821101143,28.09156861738043,37.74921339049712,0.6180558806612231,0.1219804363782524,1.7802105769172671,-0.01815908612069922,-16.118460159470615,19.392312821101143,28.09156861738043,37.74921339049712,2.06
0.0,0.0,0.0,0.0,0.0,0.0,0.0,0.0,0.0,0.0,0.0,0.0,0,0.0,-1.5707963267948966,nan,0.013679928672273068,-0.3328127051728293,-0.14344395550003583,0.12301670849719493,-1.5707977997627915,0.01472482025220356,-0.347630250081675,1.6131317787464294,-0.14629836158282486,1.1527319788733683,-0.057888977176333636,1.1363488422149737,0.18480040648082563,0.015126105567029844,0.0010448915799304917,-0.014817544908845681,-0.0028544060827890294,0.0046323701074375435,-0.0002688492549978781,0.004100532454372759,0.002138271844505213,-15.081040412713982,-0.6199851874128842,-0.20044171038307035,0.017870997242708686,-1.5707976444973988,1.611880683500679,-0.18140856228351906,-0.8620513569953342,-0.7990314373775997,0,zero,0,-0.017870997242708686,0.10514571125448624,1.5284673582564334,1.479444863845418,1.227870794310962,-0.31125294711659,0.12635967017024965,1.5297185463117373,1.4699571888756493,1.216979063180237,-0.4367780640877706,0.2161416153318671,0.05176682765296732,-0.04767803431868805,0.035267787067861,0.20044264268541043,-2.5015486281499006,8.953133142804981,21.5453634775565,1.0,-0.27196359634399414,1.3177025022237387e-06,-1.5526539254295812e-07,0.0,0.0,0.0,1,-0.011617903440359949,0.3950924899856555,-9.0,-9.0,-0.011617903440359949,-2.4800387733097953,2.9043611979079413,3.854031872144575,-0.0008692297855588148,-0.0027971147129208164,-0.002343181706148667,-0.021193823863543713,0.14146053459664723,0.4339581885625485,0.0,0.0,0.0,0.0,0.0,-0.021784930508831707,2.6339499332377034,-30.0,-30.0,42.50809530941136,2.875131263295451,-11.904361197907942,-12.854031872144574,-0.021784930508831707,2.6339499332377034,-32.77976752618591,-43.833730799331136,54.798241593075076,2.07
0.0,0.0,0.0,0.0,0.0,0.0,0.0,0.0,0.0,0.0,0.0,0.0,0,0.0,-1.5707963267948966,nan,0.01353972369305724,-0.3462464521430254,-0.1412526177347346,0.12332276534705966,-1.5707977843954921,0.013989515515967183,-0.34771759246225314,1.6110101030877981,-0.14641186270147255,1.3557025539237717,-0.059509975702054865,1.3346404589617944,-0.23048388839489176,0.005383713880735582,0.00044979182290994305,-0.0014711403192277372,-0.005159244966737947,0.011625496809853735,-0.0005749484165554412,0.011610741707718948,-0.00011084850407403792,-15.54180145536777,-0.6078431804622563,-0.20058674961069198,0.17695461872995755,-1.5707981170669207,1.6098834512232598,0.8633889305618282,-0.8614019117828833,-0.7981358194094593,0,zero,0,-0.17695461872995732,-0.05363185338289789,1.5305890354821448,1.4799530144813333,1.227402779859301,-0.3109067534393186,0.13643295336979527,1.5317156924527258,1.4444053066802265,1.3110578581901355,-0.2091675291999701,0.20820254864636029,0.049865387728022646,-0.04592677927551294,0.033972371037254874,0.2005779737554463,-2.439965273320959,9.173699048014239,22.287417183887253,1.0,-0.12863865494728088,1.7902720239604264e-06,3.326714286266963e-07,0.0,0.0,0.0,1,-0.020876510760599497,1.9049103932208322,-9.0,-9.0,-0.020876510760599497,-1.3934896109830877,-0.8035792836467621,-0.2973009238266484,0.004136978792617297,-0.002795007445477593,-0.002340555281779768,-0.022428529927959743,0.15841865873981636,0.49057036016886396,0.0,0.0,0.0,0.0,0.0,-0.0391459042951425,12.699402621472215,-30.0,-30.0,44.2862999057731,3.29840000420392,-8.196420716353238,-8.702699076173351,-0.0391459042951425,12.699402621472215,-73.17275534147454,-102.77188280059477,126.79743048653059,2.0799999999999996
0.0,0.0,0.0,0.0,0.0,0.0,0.0,0.0,0.0,0.0,0.0,0.0,0,0.0,-1.5707963267948966,nan,0.013195322227462782,-0.35591513858699625,-0.13577729925551735,0.12361740897547513,-1.5707977695990256,0.013281341444495161,-0.34780015018530913,1.6089675474461298,-0.14652112017127406,1.1100165894845646,-0.036377260587756345,0.9586128720914855,-0.5584575949018761,0.013464402100912858,8.60192170323796e-05,0.008114988401687118,-0.010743820915756708,0.014619963719908969,-0.0006247083542282581,0.014106280485698307,-0.003790241351473417,-10.329613426079808,-0.3830220770875609,-0.20503394551495213,0.3047903803469807,-1.5707985626176897,1.6078557346486262,1.0,-0.8614019117209785,-0.7981358476871894,0,zero,0,-0.3047903803469807,-0.18117297137150556,1.5326315926415552,1.4804422155279722,1.2269522182671027,-0.3105734697685113,0.3317393856346433,1.5337431974784679,1.4246388289672691,1.3868398857403001,-0.025316217180125607,0.200318507801856,0.04797712672386684,-0.044187662218498916,0.03268593356286398,0.2050228397653025,-1.6084903009961773,6.201287848701235,14.929509819700105,1.0,-0.4280691146850586,2.2358227931285057e-06,7.930186640692227e-07,0.0,0.0,0.0,1,-0.0668571876976433,2.141357667143592,-9.0,-9.0,-0.0668571876976433,-0.2856834560100169,-3.652929166211199,-3.5301456108820926,0.004791558758953817,-0.0027950074452767295,-0.002340555364704991,-0.017319986727680398,0.1182748049246064,0.36396115880437524,0.0,0.0,0.0,0.0,0.0,-0.12536506224947178,14.275717780957281,-30.0,-30.0,44.7639568688959,2.427041123153609,-5.347070833788801,-5.4698543891179074,-0.12536506224947178,14.275717780957281,-79.96703367647127,-115.36550430916901,141.09478336948945,2.0899999999999994
0.0,0.0,0.0,0.0,0.0,0.0,0.0,0.0,0.0,0.0,0.0,0.0,0,0.0,-1.5707963267948966,nan,0.012575600301218449,-0.3592485487951689,-0.13225133880434292,0.12390072269030927,-1.5707977553695158,0.012600133815943612,-0.34787811933971896,1.607003534281373,-0.1466261661151687,0.4877077443217916,-0.006148570230721587,0.32554410537627976,-0.3631006395069081,0.01832820035111933,2.4533514725163727e-05,0.011370429455449915,-0.014374827310825788,0.012573603627705404,-0.0004566544793344947,0.011554031741374059,-0.004938757474554807,-1.8261083706499102,-0.06393395257796142,-0.20784967243304867,0.35883533160504677,-1.5707987779578925,1.6057890269175257,1.0,-0.8614019117209681,-0.7981358476871638,0,zero,0,-0.35883533160504655,-0.23493460891473728,1.534595607274107,1.4809126053084645,1.2265189821366635,-0.31025300186716503,0.41867677990250723,1.53580977366454,1.4150430819019315,1.4218600500693745,0.05415315188797264,0.19249495991712198,0.046103354038482224,-0.04246188912307016,0.031409366713438136,0.20784778919863794,-0.5046243229710785,1.5525896380095714,2.875192593386598,1.0,-0.6601829528808594,2.4511629961310177e-06,1.022588376642375e-06,0.0,0.0,0.0,1,-0.12260891099308777,1.704804481107595,-9.0,-9.0,-0.12260891099308777,0.49084546825575875,-5.554282958824022,-5.601143684488595,0.004791558758953817,-0.002795007445276696,-0.002340555364704916,-0.009853078257323409,0.046734670424169615,0.12447932503901933,0.0,0.0,0.0,0.0,0.0,-0.22990607724186718,11.365363207383968,-30.0,-30.0,43.92293635038657,1.2139590128518363,-3.4457170411759783,-3.398856315511405,-0.22990607724186718,11.365363207383968,-60.50655883596497,-85.70612829998349,105.52633997246105,2.099999999999999
0.0,0.0,0.0,0.0,0.0,0.0,0.0,0.0,0.0,0.0,0.0,0.0,0,0.0,-1.5707963267948966,nan,0.011711580548543614,-0.3556634056199563,-0.13419750346466977,0.1241727977332685,-1.570797741702666,0.011945707036153323,-0.34795169001533416,1.6051174310550091,-0.14672703554289518,0.4103075767272559,0.020959297288454526,-0.3658713850827777,0.18452952326003802,0.014714433284297855,0.00023412648760970899,0.007711715604622138,-0.012529532078225408,0.00564554976867799,-0.00016441667268458053,0.005254245859678826,-0.002058664565783205,7.95801458037599,0.2620925019874507,-0.20659175938133129,0.31875325408438937,-1.5707986230696007,1.6037152075537715,1.0,-0.861401911720968,-0.7981358476871638,0,zero,0,-0.31875325408438915,-0.19458045635112065,1.5364817119177996,1.4813643353183266,1.2261029319383132,-0.3099452465241723,0.3635575886990566,1.5378837022394407,1.4174595713765357,1.4052546226911138,-0.00011786301882864281,0.18473743758539232,0.044245394751261664,-0.04075068040746811,0.030143573241183646,0.2066019761904285,0.7632748699704426,-3.8650774228464275,-11.064131844215876,1.0,-0.4461776912212372,2.29627470416105e-06,8.81366934990524e-07,0.0,0.0,0.0,0,-0.14975734960951248,0.56088859296496,-7.688241986621015,-8.567080992472002,-0.14975734960951248,0.772857383862353,-6.484792444420362,-6.671830783667357,0.004791558758953817,-0.0027950074452766957,-0.002340555364704916,0.008149885879381279,-0.04965775387368509,-0.18166748417155723,0.0,0.0,0.0,0.0,0.0,-0.2808125813041674,3.739257286433067,-25.627473288736716,-28.55693664157334,38.552910632995136,-0.21196879089739307,-1.2034495422006524,-1.8952502088046455,-0.2808125813041674,3.739257286433067,-25.627473288736716,-28.55693664157334,38.552910632995136,2.109999999999999
0.0,0.0,0.0,0.0,0.0,0.0,0.0,0.0,0.0,0.0,0.0,0.0,0,0.0,-1.5707963267948966,nan,0.010669665192005106,-0.3453040485082467,-0.13948403495445502,0.12443373337435037,-1.570797728593751,0.01131785398647138,-0.34802104628944797,1.6033085495753052,-0.1468237663852524,1.16560517001966,0.04140623068565642,-1.0428713385823407,0.5189800647428022,0.007853272129027448,0.0006481887944662732,-0.002716997781201269,-0.007339731430797386,0.004028349077102371,0.0001661363808169962,-0.0034435503360595605,0.0020837360852527954,15.137920172047828,0.4678422939125051,-0.1984884848284125,0.19115842155254814,-1.57079816505935,1.601688508192345,0.4799488163583516,0.8306143649899037,0.7990909963121844,0,zero,0,-0.19115842155254814,-0.06672468817819777,1.5382905947639416,1.481797570382277,1.2257039158659828,-0.3096500914474858,0.1779876696547423,1.5399106422048638,1.4330939025558471,1.337404962823208,-0.17992802376304218,0.1770515388743745,0.04240458962301036,-0.039055270932753045,0.028889466581764417,0.1984989536330964,2.0719011367445983,-8.400831644025953,-21.47407831691247,1.0,-0.18346253037452698,1.838264453546401e-06,4.364655987743049e-07,0.0,0.0,0.0,1,-0.13877785632926357,-1.571694412994284,5.625433751841121,9.0,-0.13877785632926357,0.4269948256396253,-4.304726982051702,-3.8888184663051386,0.0022997029548713767,0.002695110496867086,0.002343356364365388,0.01747592493468775,-0.13034104351415512,-0.4320013514318812,0.0,0.0,0.0,0.0,0.0,-0.26022474466391066,-10.477962753295227,18.751445839470403,30.0,36.89813195065259,-1.9986892386339092,9.930160733892823,12.888818466305139,-0.26022474466391066,-10.477962753295227,18.751445839470403,43.29761190148952,48.33379084884379,2.1199999999999988
0.0,0.0,0.0,0.0,0.0,0.0,0.0,0.0,0.0,0.0,0.0,0.0,0,0.0,-1.5707963267948966,nan,0.00963272801463298,-0.3321590972851665,-0.14236908260360454,0.12468363700629315,-1.5707977160376168,0.010716345871427545,-0.3480863662337639,1.6015761453425719,-0.1469163995285309,1.3509198405421974,0.043542906232829116,-1.3210271167396093,0.27924145058710326,0.016599102838293384,0.0010836178567945644,-0.015927268948597362,-0.004547316924926353,0.011555164771836855,0.00040033508248688,-0.011082932175173973,0.003245023748221763,15.47532811266452,0.44889082123052004,-0.18243535239707218,0.03224918665247167,-1.5707976557215975,1.599792008271904,-0.7270256311606113,0.8614019027419704,0.7981358154138148,0,zero,0,-0.03224918665247145,0.0924344503538217,1.540023000311888,1.4822124888110482,1.2253217696927803,-0.30936741515728433,0.10226685857757747,1.5418072499634847,1.4590087717424975,1.242948680502348,-0.4073786713782981,0.16944292732626012,0.040582295095948295,-0.03737691000280639,0.02764797085430372,0.18243459589447217,2.8069060386862574,-9.624206895078288,-22.29913801974456,1.0,-0.29167765378952026,1.3289267011273864e-06,-6.031601929024077e-08,0.0,0.0,0.0,1,-0.098881942038001,-4.40158910062069,9.0,9.0,-0.098881942038001,-0.6111481728917908,-0.5520116286396659,0.2704472517093193,-0.0034835860309715538,0.0027950074161423684,0.0023405552700624306,0.023873860089923454,-0.16255200655463425,-0.49060426790834893,0.0,0.0,0.0,0.0,0.0,-0.1854152297731127,-29.343927337471268,30.0,30.0,51.58585513873183,-3.7904409277288993,9.552011628639665,8.729552748290681,-0.1854152297731127,-29.343927337471268,58.98803771014081,102.35392525622206,121.72516197830058,2.1299999999999986
0.0,0.0,0.0,0.0,0.0,0.0,0.0,0.0,0.0,0.0,0.0,0.0,0,0.0,-1.5707963267948966,nan,0.008781470681783263,-0.3218416417497371,-0.14173098205213594,0.12492262423901956,-1.5707977040286738,0.010140932066105586,-0.3481478219417459,1.5999194168944229,-0.14700497884911368,1.0407975398065474,0.02758435275277589,-1.0378911243411448,-0.07266798720513834,0.026864070684920995,0.0013594613843223233,-0.02630618019200881,-0.005273996796977737,0.014387646805953946,0.0004499893115547473,-0.014282617050568866,0.0016759297178470184,10.193374890352455,0.2781987059143598,-0.16350603574305533,-0.09434218411899842,-1.570797268947672,1.5980786063117047,-1.0,0.8614019117209758,0.7981358476871868,0,zero,0,0.09434218411899842,0.21926480835801776,1.5416797300237892,1.4826092825582027,1.2249563166265602,-0.3090970868791385,0.2901469294669408,1.543520592362481,1.485447886066999,1.1588799423481548,-0.5915996656236233,0.16191733195771793,0.03877988329370868,-0.03571686136432926,0.026420020861383058,0.16349883791819483,2.366115689767939,-7.148494841192944,-14.979549616957145,1.0,-0.7135300040245056,9.421527753517012e-07,-4.3508100189271204e-07,0.0,0.0,0.0,1,-0.05614687056104612,-4.5,9.0,9.0,-0.05614687056104612,-1.8039726508919987,2.666971861616019,3.5126475596326308,-0.004791558758953817,0.002795007445276721,0.0023405553647049835,0.022556507563704715,-0.13339104368176624,-0.36488650898893826,0.0,0.0,0.0,0.0,0.0,-0.10528196242461302,-30.0,30.0,30.0,51.96163088560262,-2.696027349108001,6.33302813838398,5.487352440367369,-0.10528196242461302,-39.70779833914927,74.02678351512934,115.29184795754149,142.6495538594315,2.1399999999999983
0.0,0.0,0.0,0.0,0.0,0.0,0.0,0.0,0.0,0.0,0.0,0.0,0,0.0,-1.5707963267948966,nan,0.008191172457326323,-0.3180271873083188,-0.1410068695897154,0.12515081899408975,-1.5707976925608982,0.009591339963066037,-0.3482055795761759,1.5983375051510182,-0.14708955124824605,0.39559644277939626,0.004070612141739149,-0.38722120758483136,-0.08086848615529163,0.030817119350708515,0.0014001675057397148,-0.030178392267857124,-0.006082681658530653,0.012100020235891552,0.00032655232921581317,-0.012081835980901075,0.0005771417641039101,1.7837688717744857,0.04595861555008339,-0.14568635853693665,-0.14744803342595625,-1.570797089636184,1.5965509956169168,-1.0,0.8614019117209679,0.798135847687164,0,zero,0,0.14744803342595603,0.272598852420046,1.5432616429793364,1.4829881573769463,1.2246073671654953,-0.3088389664371751,0.3787751449344684,1.54504812988591,1.5004870770086827,1.116973130117269,-0.6715731359214249,0.15448054725987684,0.0369987420213338,-0.034076403206838635,0.025206562089039382,0.14568353837639936,0.8090399754584607,-1.9421200425832896,-2.9174408724864986,1.0,-0.9658742547035217,7.628412874716162e-07,-6.029247141547955e-07,0.0,0.0,0.0,1,-0.03110405261362344,-4.5,9.0,9.0,-0.03110405261362344,-2.7475076069709305,4.89576005522159,5.590544871623968,-0.004791558758953817,0.0027950074452766953,0.0023405553647049162,0.012999923409470445,-0.056031533650515726,-0.12549864744065897,0.0,0.0,0.0,0.0,0.0,-0.05832374388453673,-30.0,30.0,30.0,51.96155695953597,-1.7524923930290695,4.10423994477841,3.409455128376032,-0.05832374388453673,-33.83297101042487,59.293568318811666,86.08102463130527,109.86511445679344,2.149999999999998
0.0,0.0,0.0,0.0,0.0,0.0,0.0,0.0,0.0,0.0,0.0,0.0,0,0.0,-1.5707963267948966,nan,0.007856722240420246,-0.32211286655080523,-0.14264076427585348,0.12536835359914544,-1.5707976816278213,0.00906727481870761,-0.34825979943668206,1.5968294927603368,-0.14717016668697183,0.43244993918038005,-0.018961492745235044,0.4031459381980296,0.15532792474123036,0.026563942160100978,0.0012105525782873643,-0.026146932885876828,-0.0045294024111183495,0.005542607481249234,9.113031118257692e-05,-0.00535743569798279,0.0014177713848020045,-7.855208746175496,-0.19164867236707778,-0.1305126540122027,-0.1078847866150432,-1.5707971694913037,1.59518672568902,-1.0,0.861401911720968,0.7981358476871638,0,zero,0,0.1078847866150432,0.23325314021418864,1.5447696565305007,1.4833493329769416,1.2242747189536503,-0.3085929041472443,0.32155467989817993,1.5464124314925796,1.4964254287783216,1.1356363382008696,-0.617408329006436,0.14713843319836367,0.03524027476528409,-0.03245682816267574,0.02400855070677126,0.1305176185564952,-1.2161535602115108,4.438165971125671,11.079558721641874,1.0,-0.6924360394477844,8.426964068775078e-07,-5.12136517638595e-07,0.0,0.0,0.0,0,-0.01685294509913645,-2.481866314487973,6.074203606122844,8.74695883314959,-0.01685294509913645,-3.0464039620874663,5.733667210084589,6.698659233140523,-0.004791558758953817,0.0027950074452766957,0.002340555364704916,-0.01041217060346697,0.05628971421220285,0.1816768546438278,0.0,0.0,0.0,0.0,0.0,-0.03160124713882702,-16.54577542991982,20.247345353742816,29.156529443831964,39.16403817660955,0.5645376475994932,0.3405363960382548,2.0482996000090665,-0.03160124713882702,-16.54577542991982,20.247345353742816,29.156529443831964,39.16403817660955,2.159999999999998
0.0,0.0,0.0,0.0,0.0,0.0,0.0,0.0,0.0,0.0,0.0,0.0,0,0.0,-1.5707963267948966,nan,0.007719196174352524,-0.3335081015486351,-0.1445578616887039,0.12557536888235488,-1.5707976712225347,0.008568419598945916,-0.3483106360469612,1.595394403443416,-0.14724687822124125,1.1498389179135151,-0.03613291536939721,1.1344398387550692,0.18403858785810134,0.015068743076689331,0.0008492234245933922,-0.014802534498326136,-0.002689016532537336,0.004539605521106378,-0.0001798143113724937,0.003984256791152108,0.0021682672627799963,-15.088368423754881,-0.34932271877100957,-0.12166064985024069,0.018750944321226592,-1.5707975056013364,1.5939411899939422,-0.19718400608568112,-0.86212439558752,-0.7991705103596027,0,zero,0,-0.01875094432122637,0.10682442456112806,1.5462047469562834,1.4836930431811235,1.2239581566365516,-0.30835874071008335,0.12960417879336664,1.547658037752699,1.475316685111154,1.2105326454997372,-0.43698503422257995,0.13989691521326922,0.03350590069343001,-0.030859443306998552,0.02282695356753334,0.1216637840816157,-2.5219809528765036,8.991386524263492,21.561817196761496,1.0,-0.27247169613838196,1.1788064400164444e-06,-1.6562119853347212e-07,0.0,0.0,0.0,1,0.002818946518653098,0.35641602051359056,-9.0,-9.0,0.002818946518653098,-2.5018119144137794,2.959894252282386,3.929465960140358,-0.0009448187514854481,-0.0027973517026536857,-0.002343589541500325,-0.021306588010729606,0.14185096711139097,0.43360133189913075,0.0,0.0,0.0,0.0,0.0,0.005285855088417585,2.376106803423937,-30.0,-30.0,42.492892481937986,2.85822793492737,-11.959894252282385,-12.929465960140359,0.005285855088417585,2.376106803423937,-32.19148991637278,-43.04354960300184,53.80227780441598,2.1699999999999977
0.0,0.0,0.0,0.0,0.0,0.0,0.0,0.0,0.0,0.0,0.0,0.0,0,0.0,-1.5707963267948966,nan,0.007609270447466427,-0.34697880991363717,-0.14230271320282137,0.12577201426686613,-1.5707976613376784,0.008094434824126898,-0.3483582382613403,1.5940312013396167,-0.14731974203717588,1.3628351294220673,-0.03640590479329214,1.3423106150622977,-0.23280123018171728,0.00522578083769038,0.0004851643766604708,-0.00137942834770316,-0.005017028834354509,0.01159054597559254,-0.00036194164515424856,0.01158440558476614,-0.00010630853901023168,-15.649555580969832,-0.3432896704538206,-0.12277101801824487,0.17845445190814813,-1.5707979849323972,1.592725686841119,0.857143788644061,-0.8614019118107911,-0.7981358096080355,0,zero,0,-0.17845445190814813,-0.05268243764128222,1.5475679501174604,1.4840195360825126,1.2236574517167602,-0.30813630710448264,0.13351720553254182,1.5488734758066358,1.449467912778181,1.3053305750788955,-0.20833236919017523,0.13276198421915958,0.031797054655054766,-0.029285570157784258,0.021662748207738194,0.12276429425563451,-2.4740426266267512,9.263444468434205,22.442722201741873,1.0,-0.12543699145317078,1.6581375006374799e-06,3.2359471902054793e-07,0.0,0.0,0.0,1,0.011067916278486963,1.8934334560047488,-9.0,-9.0,0.011067916278486963,-1.4175173234241598,-0.7605765530064827,-0.23858640900090955,0.00410705482816031,-0.002795007445568146,-0.002340555253036823,-0.022655034602727678,0.1597564516163598,0.4933562200670253,0.0,0.0,0.0,0.0,0.0,0.020753640124670847,12.622889706698325,-30.0,-30.0,44.26440754444872,3.3109507794289086,-8.239423446993516,-8.76141359099909,0.020753640124670847,12.622889706698325,-73.19029580884495,-102.79394979087796,126.81779563395988,2.1799999999999975
0.0,0.0,0.0,0.0,0.0,0.0,0.0,0.0,0.0,0.0,0.0,0.0,0,0.0,-1.5707963267948966,nan,0.007374567299553604,-0.3567328248963824,-0.13668977137268887,0.1259584478652458,-1.570797651965444,0.007644958413093812,-0.34840274939027915,1.5927387903518722,-0.14738881748650273,1.1251929301489048,-0.021477326312026312,0.9709503853806423,-0.5682017279459356,0.013562184817984844,0.00027039111354020765,0.008330075506103263,-0.010699046113813865,0.014690097177891511,-0.00038379732912904234,0.014170858862815782,-0.00385206617235542,-10.496339963954991,-0.21704601664265166,-0.12867249509836926,0.30769117294595194,-1.5707984385070266,1.5914679987286087,1.0,-0.8614019117209812,-0.798135847687182,0,zero,0,-0.30769117294595194,-0.18173272508070593,1.5488603621113244,1.4843290742010293,1.2233723624094432,-0.30792542448045135,0.33130600292512397,1.5501309648382902,1.4293343999118555,1.3821591067694214,-0.022400629132798364,0.1257396966050798,0.030115187180855135,-0.027736544675830106,0.02051692284725691,0.12866248199600247,-1.6461471352120671,6.312850612117529,15.165287287060435,1.0,-0.42930468916893005,2.11171213004846e-06,7.865415825314415e-07,0.0,0.0,0.0,1,-0.03172881192261763,2.140618168996149,-9.0,-9.0,-0.03172881192261763,-0.30541464745556235,-3.624264743446496,-3.49272132380171,0.004791558758953817,-0.0027950074452767386,-0.002340555364704969,-0.0175811782632405,0.1200424738041841,0.36868038566822675,0.0,0.0,0.0,0.0,0.0,-0.05949524080745852,14.270787793307662,-30.0,-30.0,44.76224887028463,2.4460328164517113,-5.375735256553504,-5.50727867619829,-0.05949524080745852,14.270787793307662,-80.42743823057481,-116.12797844972131,141.97865728016012,2.1899999999999973
0.0,0.0,0.0,0.0,0.0,0.0,0.0,0.0,0.0,0.0,0.0,0.0,0,0.0,-1.5707963267948966,nan,0.006973210035950731,-0.36017222580337693,-0.13298601319659462,0.12613483657393076,-1.570797643097564,0.007219605526342865,-0.34844430734434856,1.5915160134919448,-0.14745416712214235,0.5074651339663285,-0.0023995623148073686,0.3397842952925112,-0.37691078117338683,0.01862611768814549,0.00024639549039213397,0.011727918459028375,-0.014468153925547733,0.012747331630417962,-0.00027138165439466444,0.011691774803117078,-0.00507180615231979,-2.0179705188073584,-0.03908159348135419,-0.1330963762309621,0.36355119105961875,-1.5707986654673838,1.5901564232515508,1.0,-0.8614019117209681,-0.798135847687164,0,zero,0,-0.36355119105961897,-0.23741635448568799,1.5500831399264325,1.4846219346403084,1.2231026334979453,-0.3077259040523823,0.4211378721966511,1.5514424082706721,1.419354176068846,1.4183447141936922,0.05966477275439781,0.11883617423455153,0.02846176448294097,-0.02621371726475288,0.019390476389418723,0.13309444447275892,-0.5437651825588913,1.6715416073716822,3.1461253693621005,1.0,-0.6713109612464905,2.3386724872231923e-06,1.022369819914104e-06,0.0,0.0,0.0,1,-0.09843551691801648,1.7124136091599387,-9.0,-9.0,-0.09843551691801648,0.4782393083395698,-5.536377097977072,-5.580181351904518,0.004791558758953817,-0.002795007445276696,-0.0023405553647049162,-0.010123726188798296,0.04865229553494384,0.13009459706281,0.0,0.0,0.0,0.0,0.0,-0.18457813035442805,11.416090727732925,-30.0,-30.0,43.93587596247553,1.234174300820369,-3.4636229020229283,-3.4198186480954824,-0.18457813035442805,11.416090727732925,-61.19047425918473,-86.95483698440465,106.9382018346969,2.199999999999997
0.0,0.0,0.0,0.0,0.0,0.0,0.0,0.0,0.0,0.0,0.0,0.0,0,0.0,-1.5707963267948966,nan,0.006429920206265749,-0.35670145725448427,-0.13482828478952522,0.1263013561676698,-1.5707976347253154,0.006817968408219595,-0.3484830447961553,1.590361652225685,-0.14751585673395384,0.39379144291266394,0.014165271156171225,-0.35095060006993806,0.1780581981119106,0.015121751439145839,0.0003880482019538462,0.008218412458328994,-0.012687571944428627,0.005869841934691333,-8.633316228808462e-05,0.005445208486077538,-0.0021902729205510903,7.825921954526474,0.14111372079196716,-0.13337160827699043,0.325169756820588,-1.5707985236203985,1.588822408921129,1.0,-0.861401911720968,-0.7981358476871638,0,zero,0,-0.32516975682058824,-0.198868400652918,1.5512375020973468,1.484898409244512,1.2228479961893617,-0.30753754699221847,0.3686139762595981,1.5527765221163605,1.4213666514542456,1.402848412269055,0.007799512159586276,0.11205760444557296,0.026838268454835137,-0.024718452770988854,0.018284418421010983,0.1333809198159966,0.722280250240226,-3.7669453127311003,-10.871859147365067,1.0,-0.5116949677467346,2.196825501954436e-06,8.888950828733755e-07,0.0,0.0,0.0,1,-0.14470145016582145,0.5823792310780715,-7.932436683392357,-9.0,-0.14470145016582145,0.7693292100913622,-6.521474284003782,-6.742010067153424,0.004791558758953817,-0.0027950074452766957,-0.002340555364704916,0.007864578941857192,-0.04791755295171526,-0.17691229965037372,0.0,0.0,0.0,0.0,0.0,-0.2713321773219978,3.8825282071871436,-26.44145561130786,-30.0,40.17833024498179,-0.1869499790132907,-1.4109623993885752,-2.2579899328465762,-0.2713321773219978,3.8825282071871436,-26.44145561130786,-30.08827323984182,40.24428416347096,2.209999999999997
0.0,0.0,0.0,0.0,0.0,0.0,0.0,0.0,0.0,0.0,0.0,0.0,0,0.0,-1.5707963267948966,nan,0.0057926930136173805,-0.3463737157917715,-0.14019111555881883,0.12645819139396997,-1.570797626839511,0.006439616228109717,-0.348519089359624,1.5892744258182805,-0.14757395538462956,1.1645396511879182,0.025887501253849064,-1.0363786026181487,0.53047321186179,0.007715404155626989,0.0006469232144923369,-0.0021453735678524932,-0.0073828398258107275,0.0038759815259614416,0.0001148246739228879,-0.00327325840882796,0.0020726378055246266,15.166447600487771,0.25373148345643476,-0.12654968249922946,0.1979906141323864,-1.5707980732477225,1.5875212889586465,0.4963504424235283,0.8229407896397224,0.7992864115090454,0,zero,0,-0.1979906141323866,-0.0715324227384162,1.5523247293593827,1.4851588047551454,1.2226081679701084,-0.3073601443226169,0.18331448203735154,1.5540778716803512,1.4366219225824017,1.3355710327922663,-0.17140173870992592,0.1054102400506175,0.025246196671473223,-0.02325213048379355,0.01719976921227897,0.12655884044449273,2.038529188727712,-8.37661019705236,-21.506650881748772,1.0,-0.18554915487766266,1.74645282591257e-06,4.4640821172947653e-07,0.0,0.0,0.0,1,-0.15461814850164554,-1.5332684507157939,5.41222240910293,9.0,-0.15461814850164554,0.43458707167512994,-4.399949267426837,-3.9912878864428247,0.0023782923099050592,0.002670211898496438,0.0023439294248145375,0.01722068862399817,-0.1296543032733489,-0.4316968045848684,0.0,0.0,0.0,0.0,0.0,-0.28992714888739085,-10.221789671438627,18.040741363676435,30.0,36.46967768968979,-1.9678555223909238,9.812171676529767,12.991287886442825,-0.28992714888739085,-10.221789671438627,18.040741363676435,42.061980839522626,46.89613654592695,2.2199999999999966
0.0,0.0,0.0,0.0,0.0,0.0,0.0,0.0,0.0,0.0,0.0,0.0,0,0.0,-1.5707963267948966,nan,0.005177251280202578,-0.33313240746068673,-0.14321060587720044,0.12660553606754332,-1.570797619430496,0.0060840949205972225,-0.34855256378598076,1.5882529906795124,-0.14762853544573457,1.3604341539331202,0.025992042590230763,-1.327478275744154,0.2964910257276604,0.01606616594452945,0.0009068436403946445,-0.015420156325294032,-0.0044179295685341236,0.011514206697607858,0.00024938867775661224,-0.01101253654242038,0.0033524319626951826,15.636055453151286,0.2431036336555912,-0.11126427203674569,0.038006292550141874,-1.5707975649822852,1.5863396746239404,-0.713865655643158,0.8614018962085525,0.7981357999718809,0,zero,0,-0.03800629255014165,0.08859924351740123,1.5533461653033536,1.4854034429678693,1.2223828524614953,-0.3071934768101154,0.0978226731377455,1.5552595831051,1.462343978819595,1.2407953526732327,-0.40043968403205754,0.0989003993366364,0.02368706238920415,-0.021816144135242268,0.016137559716926278,0.11126211562810948,2.7986157880050335,-9.692427498016327,-22.53175687889219,1.0,-0.27853021025657654,1.2381873886191386e-06,-5.4448210828894616e-08,0.0,0.0,0.0,1,-0.12850979188057313,-4.380331809655701,9.0,9.0,-0.12850979188057313,-0.5963067057809746,-0.6465264768266059,0.191062692160609,-0.003420529235013283,0.0027950073949432608,0.002340555224778534,0.02377506169006586,-0.1633792022576756,-0.4948021605602019,0.0,0.0,0.0,0.0,0.0,-0.24097092045860327,-29.202212064371338,30.0,30.0,51.5056041265125,-3.7840251038747263,9.646526476826606,8.808937307839392,-0.24097092045860327,-29.202212064371338,58.85273889166305,102.21957790517791,121.5126093810845,2.2299999999999964
0.0,0.0,0.0,0.0,0.0,0.0,0.0,0.0,0.0,0.0,0.0,0.0,0,0.0,-1.5707963267948966,nan,0.004689389453181852,-0.3226255213049376,-0.14259399559175323,0.12674359316474804,-1.570797612488145,0.005750927024570518,-0.348583586175712,1.5872959397090092,-0.14767967263388643,1.0560176770002125,0.015469393099402148,-1.0537908545480368,-0.0667747473599073,0.02647285600058449,0.001061537571388666,-0.0259580648707744,-0.0050856770421331965,0.01445493971963284,0.00026891246222504345,-0.014341580471752718,0.001786627537602694,10.426301343364841,0.1516203157574451,-0.0928410770782687,-0.09063544643458843,-1.5707971756584909,1.5853343798110413,-1.0,0.8614019117209828,0.7981358476871713,0,zero,0,0.09063544643458865,0.21737903959933647,1.5543032170303157,1.4856326608893167,1.2221717392752964,-0.3070373148582969,0.28850495879112725,1.5562648074957441,1.4888691262758469,1.1556166058935944,-0.5877350222273839,0.09253446606504985,0.02216239454578804,-0.020411901900228156,0.015098831572113414,0.09283272727296896,2.385372455738039,-7.284017336985764,-15.326048595116944,1.0,-0.6992405652999878,8.488635945269607e-07,-4.368296542267558e-07,0.0,0.0,0.0,1,-0.08480521680989302,-4.5,9.0,9.0,-0.08480521680989302,-1.7894298153674129,2.598982399495465,3.4623581675661277,-0.004791558758953817,0.002795007445276744,0.002340555364704938,0.02265651410229562,-0.13541913053521687,-0.3718425925440934,0.0,0.0,0.0,0.0,0.0,-0.1590197202510651,-30.0,30.0,30.0,51.96176755337937,-2.710570184632587,6.4010176005045345,5.537641832433872,-0.1590197202510651,-39.950208162921555,74.64361154612928,116.21062721893931,143.779772717865,2.239999999999996
0.0,0.0,0.0,0.0,0.0,0.0,0.0,0.0,0.0,0.0,0.0,0.0,0,0.0,-1.5707963267948966,nan,0.004367752508347341,-0.31859666637403117,-0.14176408165547869,0.1268725749180344,-1.5707976060018594,0.00543961152125987,-0.34861227020570973,1.5864018016415067,-0.14772744604706697,0.415139302340839,0.0010321441523863245,-0.4057538960904161,-0.08776873494550919,0.030621023333499187,0.0010718590129125292,-0.03001560383167856,-0.005963364391588288,0.012260748809019884,0.00018582704369781052,-0.012244408450802068,0.0006048895416850397,2.0443443610293732,0.028043558442547994,-0.07561024676550959,-0.14624883740431183,-1.5707969929356644,1.584508988872105,-1.0,0.861401911720968,0.7981358476871637,0,zero,0,0.14624883740431205,0.2731214123223462,1.555197355806307,1.4858468108939027,1.2219745038693246,-0.30689141840095635,0.38122994130510346,1.557090117531435,1.5042092504022075,1.1121363270936024,-0.6714885677842635,0.08631888947176719,0.020673737760401087,-0.019040826396466655,0.014084637098461054,0.07560693350212508,0.8442109263696338,-2.109220239073591,-3.309546002586289,1.0,-0.9626011848449707,6.661407678798525e-07,-6.130661951431193e-07,0.0,0.0,0.0,1,-0.047587147753794815,-4.5,9.0,9.0,-0.047587147753794815,-2.7366488260351334,4.851619358270896,5.562604200843414,-0.004791558758953817,0.0027950074452766957,0.0023405553647049154,0.013232838786545246,-0.05869105628780493,-0.13364956570239675,0.0,0.0,0.0,0.0,0.0,-0.08923147900580314,-30.0,30.0,30.0,51.96160084386205,-1.7633511739648666,4.148380641729104,3.4373957991565858,-0.08923147900580314,-34.381357748864716,60.51119555428083,87.67933282757605,111.94353896232482,2.249999999999996
0.0,0.0,0.0,0.0,0.0,0.0,0.0,0.0,0.0,0.0,0.0,0.0,0,0.0,-1.5707963267948966,nan,0.004205277748861966,-0.3224828432672853,-0.14327665372811102,0.12699270291039033,-1.5707975999605601,0.005149623671188696,-0.3486387253707383,1.585569040392089,-0.14777193820106038,0.4131461007333631,-0.012751309058579938,0.38597217282255736,0.1468079918638926,0.026556158237280615,0.0009443459223267298,-0.026155882103452988,-0.004495284472949362,0.005748050667300254,3.8807284386504874e-05,-0.00557991535078689,0.0013795380192594417,-7.624993116495492,-0.0994820824951956,-0.06116091278076787,-0.1091920186412838,-1.5707970707135024,1.583839952320049,-1.0,0.861401911720968,0.7981358476871637,0,zero,0,0.1091920186412838,0.23618472155167414,1.5560301177171056,1.4860462608806444,1.221790807402999,-0.3067555367952638,0.3279504820758281,1.5577591868057363,1.5004530521465316,1.129273469410019,-0.621050804895133,0.08026018426715915,0.01922265233362886,-0.01770435468448937,0.013096039300045536,0.06116648589987675,-1.1944815214701587,4.309906524215802,10.741067060892087,1.0,-0.7504985928535461,7.439186058277869e-07,-5.292470577344943e-07,0.0,0.0,0.0,1,-0.015984983489160425,-2.575695541581546,6.549154780609471,9.0,-0.015984983489160425,-3.0549094763079534,5.798404682089312,6.732170946161943,-0.004791558758953817,0.0027950074452766957,0.0023405553647049154,-0.01021693206977794,0.05393123683272675,0.17403969228095478,0.0,0.0,0.0,0.0,0.0,-0.029973717399513267,-17.17130361054364,21.830515935364904,30.0,40.883077087144805,0.4792139347264075,0.7507500985201592,2.2678290538380574,-0.029973717399513267,-17.17130361054364,21.830515935364904,31.133723609755645,41.72211329645325,2.259999999999996
0.0,0.0,0.0,0.0,0.0,0.0,0.0,0.0,0.0,0.0,0.0,0.0,0,0.0,-1.5707963267948966,nan,0.004165611834060309,-0.3337239368257292,-0.14517911274601358,0.12710420816978196,-1.5707975943526864,0.004880414850051608,-0.3486630572382918,1.5847960544014645,-0.14781323506600955,1.1372438495576134,-0.02295429063354313,1.121676169089042,0.18611621529533995,0.015186403868243948,0.0007148030159912985,-0.014939120412562568,-0.002634122319995963,0.0043288784533814075,-0.00012693242575050664,0.0037512582716394544,0.0021566497636147297,-14.953240046268284,-0.18674530377358,-0.05322172870515451,0.01566887090200697,-1.5707974073869373,1.5832814735012213,-0.22388065918295974,-0.862288537686637,-0.7993019606915214,0,zero,0,-0.015668870902007193,0.11143533726777477,1.5568031043229547,1.4862313944299685,1.2216202965929224,-0.30662940871493305,0.1378253373430352,1.5583177496520793,1.4793227384855416,1.2035163279446828,-0.4430773704273511,0.07436493063608812,0.0178107142474736,-0.016403938267650763,0.012134111864403791,0.05322648845821406,-2.5404663835457426,8.968961201629565,21.38290091891079,1.0,-0.2792370915412903,1.0805920407364056e-06,-1.8696574910492814e-07,0.0,0.0,0.0,1,0.023029509182813088,0.2990490824103314,-9.0,-9.0,0.023029509182813088,-2.5291972965137317,3.0601048313140997,3.9864268940144667,-0.0010727373334684651,-0.002797884297697733,-0.002343975023220581,-0.02138010325624538,0.14114494939919764,0.42913228839121137,0.0,0.0,0.0,0.0,0.0,0.04318302865706561,1.9936605494022093,-30.0,-30.0,42.47324507451964,2.8282463789240633,-12.0601048313141,-12.986426894014468,0.04318302865706561,1.9936605494022093,-30.807364839301172,-41.181837505855206,51.46857308941719,2.2699999999999956
0.0,0.0,0.0,0.0,0.0,0.0,0.0,0.0,0.0,0.0,0.0,0.0,0,0.0,-1.5707963267948966,nan,0.00414530652367678,-0.34710280717954367,-0.14298631910253423,0.12720733126360018,-1.5707975891661894,0.004631412383489232,-0.34868536771582914,1.5840811759811972,-0.14785142610308302,1.3543533023649366,-0.02286971561788467,1.3356559876277097,-0.22309846805528277,0.005139072181312597,0.00048610585981245184,-0.0015825605362854711,-0.004865107000548791,0.011387628923395092,-0.00023666751413125556,0.011385061870587885,-4.9469056846873465e-05,-15.605624057556781,-0.1864663287369432,-0.05581622105357985,0.17455915104820097,-1.5707978880317381,1.582741214088021,0.8473579734012424,-0.8614019118647891,-0.7981358008969183,0,zero,0,-0.17455915104820097,-0.04735181978460101,1.557517983313326,1.486402610960531,1.221462603568447,-0.30651276204338396,0.12402470336297289,1.5588579631726598,1.4530976437134566,1.2986189064492641,-0.21530960650211492,0.06863977423787919,0.016439515165347234,-0.015141043092121753,0.011199939162528616,0.05581122168248144,-2.5217198711773188,9.323471368717524,22.40848953155146,1.0,-0.11966464668512344,1.5612368415851563e-06,2.988655487534686e-07,0.0,0.0,0.0,1,0.047411598086206,1.895088256228317,-9.0,-9.0,0.047411598086206,-1.4468292306459645,-0.681792978423688,-0.1926205798953312,0.004060165519420078,-0.0027950074457433545,-0.0023405552274912314,-0.022959233523176383,0.16052333055197757,0.4921065197989862,0.0,0.0,0.0,0.0,0.0,0.08890230280556159,12.63392170818878,-30.0,-30.0,44.267639211370735,3.3419174868742814,-8.318207021576312,-8.807379420104668,0.08890230280556159,12.63392170818878,-72.61223221053261,-101.64338976544437,125.55293238691974,2.2799999999999954
0.0,0.0,0.0,0.0,0.0,0.0,0.0,0.0,0.0,0.0,0.0,0.0,0,0.0,-1.5707963267948966,nan,0.00404744154459273,-0.35680344665480873,-0.1374005365200673,0.1273023223931009,-1.570797584388531,0.004402019380776032,-0.34870575532930753,1.5834226706589702,-0.1478866043012417,1.1194631562760575,-0.013152802362914953,0.9680251861786671,-0.56209607806256,0.013253525861309262,0.0003545778361833023,0.0080976913255012,-0.01048606778117439,0.014519813118896439,-0.0002450300173658963,0.014018730973922365,-0.0037736077139862417,-10.512392961004675,-0.11930990759980338,-0.06371790577567338,0.30372380747702055,-1.5707983440059972,1.582141623041316,1.0,-0.8614019117209848,-0.798135847687173,0,zero,0,-0.30372380747702055,-0.17642148508391964,1.5581764891616587,1.4865603258860292,1.2213173457272504,-0.30640531376690894,0.32224750090073867,1.5594573701860917,1.4324173621968461,1.3763196268551636,-0.029124511134148278,0.0630914262063377,0.015110662432075645,-0.013917149546893593,0.010294616248871551,0.06370897814080606,-1.7031487393439209,6.4130635798494895,15.222984835921952,1.0,-0.41178250312805176,2.017211100380223e-06,7.596174662616306e-07,0.0,0.0,0.0,1,0.008122522858134546,2.175222987704995,-9.0,-9.0,0.008122522858134546,-0.32214162735563345,-3.5710620543922564,-3.462517866463341,0.004791558758953817,-0.00279500744527675,-0.002340555364704943,-0.017976036111881165,0.12158486478932451,0.36959873373315744,0.0,0.0,0.0,0.0,0.0,0.015230682276644564,14.501486584699967,-30.0,-30.0,44.8362949533067,2.4973646150606283,-5.428937945607744,-5.537482133536659,0.015230682276644564,14.501486584699967,-80.52776801998652,-115.67498475851094,141.6888028967089,2.289999999999995
0.0,0.0,0.0,0.0,0.0,0.0,0.0,0.0,0.0,0.0,0.0,0.0,0,0.0,-1.5707963267948966,nan,0.003843077594344357,-0.360186364648879,-0.13363754691461732,0.12738944148785025,-1.570797580006674,0.0041916145674065165,-0.3487243155118538,1.5828187365238497,-0.14791886621409753,0.5071772280297331,-0.0006040863121142825,0.3364357811523999,-0.37952515183058144,0.018315461484081617,0.0003485369730621595,0.011462049137025199,-0.014281319299480205,0.012618384958750437,-0.00016708486631862108,0.01156825140488947,-0.005036991269392801,-2.0632519469240926,-0.02202743836685327,-0.07033999787522309,0.35993207669713523,-1.570798577369342,1.5814674341814687,1.0,-0.8614019117209682,-0.798135847687164,0,zero,0,-0.35993207669713545,-0.23254263520928475,1.5587804237800946,1.486704970772014,1.2211841255909068,-0.3063067698678398,0.4134120176589825,1.5601314313632237,1.421882857362656,1.4135852245852862,0.05381485103582178,0.057726663149753145,0.013825779073899532,-0.012733752463778721,0.009419248861343491,0.07033827588350879,-0.5969708780622323,1.7819108458492858,3.248309500150859,1.0,-0.6511243581771851,2.2505744454726084e-06,9.973626680093162e-07,0.0,0.0,0.0,1,-0.06783185213568227,1.7601822143137669,-9.0,-9.0,-0.06783185213568227,0.47930919847499825,-5.502464811374695,-5.562419170823551,0.004791558758953817,-0.0027950074452766966,-0.0023405553647049162,-0.010505442911771853,0.050439317837969476,0.13211952088601567,0.0,0.0,0.0,0.0,0.0,-0.12719267229642278,11.734548095425113,-30.0,-30.0,44.0194933748644,1.2808730158387687,-3.4975351886253048,-3.437580829176449,-0.12719267229642278,11.734548095425113,-61.65404792089459,-86.97093417210542,107.25148396539971,2.299999999999995
0.0,0.0,0.0,0.0,0.0,0.0,0.0,0.0,0.0,0.0,0.0,0.0,0,0.0,-1.5707963267948966,nan,0.003549141995625332,-0.3566457789909559,-0.1353555999163477,0.1274689583001669,-1.5707975760070876,0.003999552116558749,-0.348741140901332,1.582267503571522,-0.14794831199685404,0.39391554727378825,0.010187314787125706,-0.35574110474013154,0.16886072189738754,0.014874897315527996,0.00045041012093341654,0.007904638089623883,-0.01259271208050633,0.005778247992272645,-4.3397670164094715e-05,0.005331124770958134,-0.00222831218165314,7.769393432255891,0.07735914975843164,-0.072730636870531,0.32208425348641145,-1.5707984466962726,1.5807494847988297,1.0,-0.861401911720968,-0.7981358476871637,0,zero,0,-0.3220842534864117,-0.19461529518624454,1.559331657174237,1.486836993492707,1.2210625306604572,-0.30621682521771093,0.36247382753685226,1.5608494732220999,1.4234301815273513,1.399135036990256,0.0030641644494110096,0.05255232715087639,0.01258650379846901,-0.011592361117405747,0.008574953421310995,0.07273937313889256,0.6814699683926005,-3.669947118616302,-10.758255696546389,1.0,-0.49778032302856445,2.119901376218536e-06,8.706891847509723e-07,0.0,0.0,0.0,1,-0.13055102334093352,0.6326496978408226,-8.114158369358067,-9.0,-0.13055102334093352,0.7865614040154766,-6.535770800911052,-6.732441026885875,0.004791558758953817,-0.0027950074452766957,-0.0023405553647049154,0.007556917644530806,-0.04625975218527901,-0.1745169362123327,0.0,0.0,0.0,0.0,0.0,-0.24479846866854216,4.217664652272151,-27.04719456452689,-30.0,40.61279792406159,-0.153911706174654,-1.5783875684470159,-2.2675589731141246,-0.24479846866854216,4.217664652272151,-27.04719456452689,-30.360660312412698,40.879934562403264,2.3099999999999947
0.0,0.0,0.0,0.0,0.0,0.0,0.0,0.0,0.0,0.0,0.0,0.0,0,0.0,-1.5707963267948966,nan,0.003201596309563331,-0.3462790517720381,-0.1405826709472507,0.12754115249956555,-1.5707975723757335,0.0038251614794279037,-0.34875632164549003,1.5817670330495557,-0.14797504544331633,1.1612816480806614,0.017315504893115636,-1.038190796307581,0.520033758444069,0.007821310647011949,0.0006235651698645729,-0.002477269873451926,-0.00739237449606564,0.003900933105107471,8.635208608458427e-05,-0.0033612397934091954,0.001977849705856025,15.105406053509968,0.13975021205797927,-0.06776319289741362,0.19551344457241093,-1.5707980080956634,1.5800445158017342,0.5119266865704655,0.8152548462700122,0.7993009698750855,0,zero,0,-0.19551344457241093,-0.06797229207284516,1.5598321280978884,1.4869568583878139,1.2209521332719826,-0.306135163470426,0.17890923879726373,1.561554658578454,1.4383908435480273,1.332613299513292,-0.17506771986991876,0.047575325766947445,0.011394490994850237,-0.010494499225225577,0.007762857033600802,0.06777133850007801,2.0172975906317197,-8.318185857526188,-21.40694076305692,1.0,-0.1837100386619568,1.6813007670535285e-06,4.357199299143133e-07,0.0,0.0,0.0,1,-0.1580904629519119,-1.4916857267341983,5.24161668102196,9.0,-0.1580904629519119,0.46227069718724817,-4.465280332354619,-3.9864694218136596,0.0024529267989789193,0.0026452731693735873,0.0023439721176240825,0.017042078923628134,-0.12855175165954985,-0.42950280723222756,0.0,0.0,0.0,0.0,0.0,-0.2964381454189235,-9.944571511561323,17.472055603406535,30.0,36.114472239410425,-1.9539564239214464,9.70689701337658,12.98646942181366,-0.2964381454189235,-9.944571511561323,17.472055603406535,41.68605960025119,46.28155863977401,2.3199999999999945
0.0,0.0,0.0,0.0,0.0,0.0,0.0,0.0,0.0,0.0,0.0,0.0,0,0.0,-1.5707963267948966,nan,0.0028786372915918456,-0.3330753007119493,-0.143511997073346,0.1276063137671961,-1.5707975690980638,0.0036677472143988622,-0.3487699457132824,1.5813153168026657,-0.14799917402295865,1.3533904947215911,0.016554475294244374,-1.3217375127881181,0.2905197546452992,0.01634256201350565,0.0007891099228070166,-0.015694645001333107,-0.004487176949612648,0.011502721271140524,0.00016763453250042228,-0.011032883034855551,0.0032496133991997533,15.573434761200378,0.13469643264673475,-0.053916376963411575,0.03616517078755921,-1.5707975076551206,1.5794422195692945,-0.7049024540281281,0.861401889846667,0.798135800846123,0,zero,0,-0.03616517078755921,0.09144114297963668,1.5602838447077891,1.4870650464193358,1.2208524904521763,-0.3060614569554241,0.10139500769715777,1.562157039440812,1.4640284351545834,1.2381277892431455,-0.403263912276873,0.04280263202967781,0.010251410733521187,-0.009441704947507512,0.006984097486496952,0.053913235274605766,2.7983349835924978,-9.682613717298356,-22.458295982806984,1.0,-0.2858143746852875,1.18086022382613e-06,-6.144294317778076e-08,0.0,0.0,0.0,1,-0.14327842203623772,-4.362691793226671,9.0,9.0,-0.14327842203623772,-0.5667163002364357,-0.7154607364497563,0.19342784238763128,-0.0033775815278065174,0.002795007374300728,0.002340555227342273,0.02374546782058276,-0.1630688149888368,-0.4931411770563113,0.0,0.0,0.0,0.0,0.0,-0.26866383280749623,-29.084611954844476,30.0,30.0,51.43915661068853,-3.795975492990235,9.715460736449756,8.806572157612369,-0.26866383280749623,-29.084611954844476,58.54734445493906,101.86815977997071,121.040903633862,2.3299999999999943
0.0,0.0,0.0,0.0,0.0,0.0,0.0,0.0,0.0,0.0,0.0,0.0,0,0.0,-1.5707963267948966,nan,0.0026466584200109436,-0.32267457335993643,-0.1428700277198582,0.12766474189029164,-1.570797566159023,0.003526588815006206,-0.34878209921088277,1.580910276617941,-0.14802080891804287,1.0434400152626562,0.009082047218824567,-1.0412880849613226,-0.06636042485720084,0.026625321228286435,0.0008799303949952623,-0.026107525850946334,-0.005150781198184656,0.014376330634976555,0.00017199891848873302,-0.014271916300234406,0.0017209602021277526,10.36399048363347,0.08508083135375072,-0.03674596466166807,-0.0918410568543826,-1.5707971223464734,1.5790024041134008,-1.0,0.8614019117209869,0.7981358476871728,0,zero,0,0.0918410568543826,0.21950579874467424,1.5606888852183813,1.4871620553283889,1.2207631437739124,-0.30599536657084225,0.2920247665279653,1.5625967757012098,1.4906540381606723,1.1527989660129405,-0.5899733601139903,0.038241284445254264,0.009158948766372564,-0.008435530887340085,0.006239823251741412,0.036736929879835525,2.401509384450923,-7.313776768566553,-15.276607085361261,1.0,-0.7081373929977417,7.955515766155941e-07,-4.438125493777534e-07,0.0,0.0,0.0,1,-0.09844243189109027,-4.5,9.0,9.0,-0.09844243189109027,-1.7652501028749779,2.5482804869772577,3.4635036427955423,-0.004791558758953817,0.002795007445276757,0.0023405553647049423,0.0227497507397316,-0.13579260205547541,-0.3707093243727179,0.0,0.0,0.0,0.0,0.0,-0.18459109673934046,-30.0,30.0,30.0,51.961852102027656,-2.734749897125022,6.451719513022742,5.536496357204458,-0.18459109673934046,-40.04728890061138,74.73018070530972,115.95380846459713,143.64436998314534,2.339999999999994
0.0,0.0,0.0,0.0,0.0,0.0,0.0,0.0,0.0,0.0,0.0,0.0,0,0.0,-1.5707963267948966,nan,0.002527654008676039,-0.3187924502340618,-0.1420645265766948,0.12771674685660717,-1.5707975635430347,0.003400940536649535,-0.34879286670081544,1.5805497635701249,-0.1480400650607642,0.3979304721710786,-0.0006643867021766201,-0.3892890615807332,-0.08247572858847418,0.03060220053710515,0.0008732865279734961,-0.030000416466753665,-0.005975538484069398,0.012103680096192445,0.00011004193961431188,-0.012088476088437005,0.0005964130295171843,1.9845874788124047,0.015751962112728665,-0.020855602833369315,-0.14684035480142987,-1.5707969419729808,1.5787291830654315,-1.0,0.861401911720968,0.798135847687164,0,zero,0,0.1468403548014301,0.27455710165803726,1.5610493985565332,1.487248399792013,1.2206836192118222,-0.30593654167668416,0.38451693930875147,1.5628699116195384,1.5062206413239208,1.1088636475457287,-0.6733413733479708,0.03389838699433379,0.008118806526706582,-0.007477544090629952,0.005531193484533238,0.020852037705166703,0.8703087373853311,-2.162967436999928,-3.2773086889899155,1.0,-0.9669649004936218,6.151780844732002e-07,-6.215700540934677e-07,0.0,0.0,0.0,1,-0.050866816758129686,-4.5,9.0,9.0,-0.050866816758129686,-2.7197217417236135,4.818132548856507,5.563140490844597,-0.004791558758953817,0.0027950074452766957,0.0023405553647049162,0.013405050297923807,-0.0595083555166164,-0.13290919508798282,0.0,0.0,0.0,0.0,0.0,-0.09538124274916499,-30.0,30.0,30.0,51.96161176851107,-1.7802782582763865,4.181867451143493,3.4368595091554033,-0.09538124274916499,-34.67272994252987,60.94005873478032,87.5158836953659,112.13798623494343,2.349999999999994
0.0,0.0,0.0,0.0,0.0,0.0,0.0,0.0,0.0,0.0,0.0,0.0,0,0.0,-1.5707963267948966,nan,0.002517346442497751,-0.3228388313508304,-0.14362460504760016,0.12776264894886236,-1.5707975612340028,0.0032900312219770007,-0.34880233152254525,1.5802315573668615,-0.14805706117042286,0.432295235441484,-0.010060174849424626,0.4036916295038828,0.15430823612467004,0.02635046584437975,0.0007726847794792499,-0.025963500171714837,-0.004432456122822698,0.005544170811407632,6.282341736559222e-06,-0.005358223100690347,0.0014238102828238713,-7.677877638114189,-0.05991881468104959,-0.007915549120163238,-0.10922514548004902,-1.5707970220753071,1.5785977611467485,-1.0,0.861401911720968,0.7981358476871638,0,zero,0,0.1092251454800488,0.23698779442891116,1.5613676050162908,1.4873246115799885,1.2206134269978635,-0.3058846199879842,0.3310832200626455,1.5630013671612175,1.5027283290398383,1.1254608085954314,-0.6226213152537557,0.029781109132068845,0.00713270112924302,-0.006569326046107452,0.004859378023532705,0.00792139802928411,-1.1702636509709559,4.261493570377708,10.769341360081341,1.0,-0.7481580376625061,6.95280410578647e-07,-5.391586954672789e-07,0.0,0.0,0.0,1,-0.004934618201493645,-2.6409496499121974,6.742233862295003,9.0,-0.004934618201493645,-3.054931415437166,5.814734863351972,6.732302938280132,-0.004791558758953817,0.0027950074452766957,0.002340555364704916,-0.010034810113232078,0.053069499594897304,0.17461765546925018,0.0,0.0,0.0,0.0,0.0,-0.009252987439515553,-17.60633099941465,22.474112874316678,30.0,41.41338825025371,0.41398176552496846,0.9274989989430313,2.2676970617198684,-0.009252987439515553,-17.60633099941465,22.474112874316678,31.040648976121847,42.17334010041257,2.3599999999999937
0.0,0.0,0.0,0.0,0.0,0.0,0.0,0.0,0.0,0.0,0.0,0.0,0,0.0,-1.5707963267948966,nan,0.0025937564729296993,-0.33421281128733143,-0.1455653262067392,0.12780277883918512,-1.570797559215307,0.003193064124853091,-0.3488105761127761,1.5799533656939402,-0.14807191979059944,1.1529047927248524,-0.017337712755585797,1.1365735346270167,0.19258625389624584,0.014823525861119981,0.0005993076519233919,-0.01459776482544467,-0.0025065935838602393,0.004578758147877576,-0.00011119971339168262,0.003997932291124457,0.0022291698446016287,-14.997513807710153,-0.11648909988312593,-0.0017175702710571618,0.016104852570623995,-1.5707973617208566,1.5785605638096276,-0.25264855125600894,-0.8623565220016886,-0.7993010206118405,0,zero,0,-0.016104852570624217,0.1116979262685609,1.5616457969136266,1.4873912397116498,1.2205520614768925,-0.3058392274679729,0.14019555703813139,1.5630386541686343,1.4817577241707107,1.199412443994479,-0.444310286672582,0.025896685788066955,0.006202365370109542,-0.005712472685317705,0.004225557390854714,0.0017230201776563642,-2.5306805032570714,8.953559027532549,21.420844723677366,1.0,-0.27329567074775696,1.0349259600417327e-06,-1.97494450127067e-07,0.0,0.0,0.0,1,0.04951435427470626,0.22993451823516659,-9.0,-9.0,0.04951435427470626,-2.5496286690467933,3.0946301452355103,3.986064297701071,-0.001210580378707722,-0.0027981048877198183,-0.0023439722664110145,-0.021289357198452766,0.14078311646990532,0.4298875286153695,0.0,0.0,0.0,0.0,0.0,0.09284521709114243,1.532896788234444,-30.0,-30.0,42.454191698791256,2.7795631872819597,-12.09463014523551,-12.986064297701072,0.09284521709114243,1.532896788234444,-30.189892619651935,-41.26500343648847,51.15260030337887,2.3699999999999934
0.0,0.0,0.0,0.0,0.0,0.0,0.0,0.0,0.0,0.0,0.0,0.0,0,0.0,-1.5707963267948966,nan,0.0026851009823398984,-0.34767886201075204,-0.14337372423386124,0.1278374776835538,-1.5707975574697954,0.0031092167328094318,-0.3488176823236188,1.5797128235605595,-0.14808476732632156,1.363940897659986,-0.01751919014538585,1.3458944512577897,-0.2204449508600076,0.004865255686375831,0.0004241157504695334,-0.0011388203128667729,-0.004711043092460315,0.011618931429041444,-0.00019059042047574876,0.01161735650677266,1.645110746478686e-05,-15.644081893116372,-0.12091366287629009,-0.0065097079825852475,0.17539425992882207,-1.5707978454809932,1.57852199087899,0.8294464056455377,-0.8614019118794198,-0.7981358008486089,0,zero,0,-0.1753942599288223,-0.04755678224526827,1.561886339241183,1.4874488506127006,1.2204990009622354,-0.30579997822124155,0.12060609046342025,1.5630771879374286,1.4555365524391355,1.2945414069979342,-0.2161130880422441,0.02225241736642228,0.005329547726849258,-0.004908594382627567,0.0036309227920739346,0.006505406414901201,-2.527358828052287,9.336674534450088,22.45386486563295,1.0,-0.11525329202413559,1.5186860968796623e-06,2.880111980019251e-07,0.0,0.0,0.0,1,0.08614779663865586,1.843271659048077,-9.0,-9.0,0.08614779663865586,-1.4811888809745717,-0.6535561772383897,-0.19334104506083077,0.003974341190053637,-0.0027950074457908274,-0.002340555227349563,-0.022978208226569055,0.16066003703369983,0.4930432514971105,0.0,0.0,0.0,0.0,0.0,0.16153721477340308,12.288477726987182,-30.0,-30.0,44.17049670445666,3.324460540022649,-8.34644382276161,-8.80665895493917,0.16153721477340308,12.288477726987182,-72.24111094729807,-101.79102623055142,125.4241759434243,2.3799999999999932
0.0,0.0,0.0,0.0,0.0,0.0,0.0,0.0,0.0,0.0,0.0,0.0,0,0.0,-1.5707963267948966,nan,0.002717167406005834,-0.35742430081927024,-0.13774587703925342,0.1278670972162399,-1.5707975559797829,0.0030376405878450234,-0.34882373173669323,1.5795074926445751,-0.14809573408120721,1.1254451134334238,-0.010364256863034391,0.9739389395443776,-0.5638813949493476,0.01346075898281141,0.0003204731818391895,0.008600569082577003,-0.010349857041953792,0.014698238430857019,-0.00019580876745225594,0.01421267582744149,-0.003741619665461924,-10.545999209600645,-0.08023347798718163,-0.016980155144123803,0.3049093537969243,-1.5707983048207919,1.5784004449602655,1.0,-0.8614019117209849,-0.7981358476871728,0,zero,0,-0.3049093537969245,-0.1770422565806844,1.5620916703230159,1.487498028272027,1.2204537075912605,-0.3057664743869088,0.31975383561147636,1.5631985540705484,1.4347193387597457,1.3724888951853154,-0.029467719660747835,0.01885566974570299,0.004516012358417702,-0.0041593159552228524,0.0030766761162227567,0.016971645036475407,-1.7218409700291748,6.444099116174976,15.268562558406792,1.0,-0.41238483786582947,1.978025895077451e-06,7.488410087574948e-07,0.0,0.0,0.0,1,0.0493332105675677,2.146138698401297,-9.0,-9.0,0.0493332105675677,-0.3603702452435091,-3.5517567597101927,-3.4633690610926116,0.004791558758953817,-0.0027950074452767503,-0.0023405553647049423,-0.018090139855318155,0.12204238915408241,0.37056867779982616,0.0,0.0,0.0,0.0,0.0,0.09250555141115263,14.307591322675314,-30.0,-30.0,44.77405193562155,2.506508943644806,-5.448243240289807,-5.536630938907388,0.09250555141115263,14.307591322675314,-80.37272806685839,-115.87958571613754,141.74826111591835,2.389999999999993
0.0,0.0,0.0,0.0,0.0,0.0,0.0,0.0,0.0,0.0,0.0,0.0,0,0.0,-1.5707963267948966,nan,0.0026629378426305944,-0.3608259359024156,-0.1339134051238002,0.12789199984425048,-1.570797554727044,0.002977461105421544,-0.34882880597113425,1.579334860637759,-0.14810495429456635,0.5127890347215561,-0.000594991904823974,0.3396560848704322,-0.38416921288123573,0.018585750437826187,0.00031452326279094974,0.011997129931281325,-0.014191549170766149,0.012759913864660136,-0.0001342681520738767,0.011718750299912489,-0.005046609287946275,-2.0925451639642,-0.015456907648043496,-0.026301929183176125,0.3614255428147899,-1.5707985423004844,1.5781781497351517,1.0,-0.8614019117209682,-0.7981358476871638,0,zero,0,-0.3614255428147901,-0.2335335429705392,1.5622643024693377,1.4875393743985112,1.2204156271809508,-0.3057383060317857,0.4115564884315997,1.56342072195119,1.4239412029102743,1.4101238078357647,0.053905246169730525,0.01571387427894873,0.003763539105182222,-0.003466276663107768,0.002564029935790868,0.026300255807164812,-0.6249459954038352,1.8222135671447695,3.2898698237198416,1.0,-0.6544013023376465,2.215505587876976e-06,9.875734403586023e-07,0.0,0.0,0.0,1,-0.03330253944044734,1.7533486855309162,-9.0,-9.0,-0.03330253944044734,0.44613930255112333,-5.490146398011868,-5.563250326813968,0.004791558758953817,-0.0027950074452766966,-0.002340555364704916,-0.01068904303499282,0.05106960917742707,0.13301572770269054,0.0,0.0,0.0,0.0,0.0,-0.062446164336109763,11.688991236872775,-30.0,-30.0,44.00723140188586,1.3072093829797928,-3.509853601988132,-3.436749673186032,-0.062446164336109763,11.688991236872775,-61.64667368463205,-87.19578058361184,107.42463843841418,2.399999999999993
0.0,0.0,0.0,0.0,0.0,0.0,0.0,0.0,0.0,0.0,0.0,0.0,0,0.0,-1.5707963267948966,nan,0.0025323051214416726,-0.3572969887649111,-0.13555647333019769,0.1279125587417702,-1.5707975536928114,0.0029277773914760615,-0.3488329869833778,1.5791923405910595,-0.1481125661784489,0.389413207880388,0.008094900724343922,-0.35331281497479883,0.16354563225149388,0.015147646420750348,0.00039547227003438896,0.008464001781533337,-0.01255609284825121,0.005901622232010548,-3.548329527078205e-05,0.005447440101543687,-0.002270084193419177,7.74316043080706,0.05492088769610781,-0.031308854630244305,0.3238518782490505,-1.570798416241975,1.577885656680666,1.0,-0.861401911720968,-0.7981358476871637,0,zero,0,-0.3238518782490507,-0.19593931950728027,1.5624068226312575,1.4875735085778448,1.2203841890834761,-0.30571505104354224,0.36112452627826697,1.5637133044904665,1.4251680216592975,1.3961034883976173,0.003538080930671667,0.012834527793692097,0.003073923488927126,-0.0028311302091096543,0.0020942075067287625,0.0313173003084413,0.647313474533999,-3.6261627498583,-10.72220447408651,1.0,-0.5012856721878052,2.089447078468254e-06,8.625491636493621e-07,0.0,0.0,0.0,1,-0.10744365128104555,0.6436842232203404,-8.140883158973844,-9.0,-0.10744365128104555,0.7640825945064659,-6.5334132674455025,-6.733190485958533,0.004791558758953817,-0.0027950074452766957,-0.0023405553647049154,0.007324095184673341,-0.045549342386123313,-0.1737319061940461,0.0,0.0,0.0,0.0,0.0,-0.2014694379918349,4.291228154802269,-27.136277196579485,-30.0,40.67963580344116,-0.12039837128612552,-1.6074698915283419,-2.2668095140414666,-0.2014694379918349,4.291228154802269,-27.136277196579485,-30.5831417248013,41.11157169046076,2.4099999999999926
0.0,0.0,0.0,0.0,0.0,0.0,0.0,0.0,0.0,0.0,0.0,0.0,0,0.0,-1.5707963267948966,nan,0.0023529956388885775,-0.3469478986979706,-0.14072447670119737,0.12792915794460646,-1.5707975528577707,0.0028876620572332113,-0.34883635735649665,1.579077270259829,-0.148118711954616,1.156881955962876,0.013919414831024476,-1.0352460440059386,0.5161857594832564,0.007650284914090886,0.0005346664183446337,-0.0018884586585260488,-0.007394235253418646,0.0037899185013412556,6.901841417162404e-05,-0.0032642362426148434,0.0019244428954151155,15.081124263620577,0.10236963622818634,-0.02875539657996365,0.1975341674718476,-1.5707979817317568,1.5775809574241606,0.5312442657282436,0.8130564440402249,0.799301018156439,0,zero,0,-0.1975341674718476,-0.06960500952724136,1.5625218930555476,1.4876010684293477,1.220358806041761,-0.30569627502386904,0.17771333668710185,1.5640182155208384,1.4397744182337104,1.3300002326502878,-0.17427648900268325,0.01022519259191822,0.0024489767128440024,-0.002255544738870072,0.0016684427684411456,0.028763059015517487,1.981687791636685,-8.278722654187064,-21.378506559527345,1.0,-0.18067891895771027,1.6549368604401593e-06,4.2887398610247374e-07,0.0,0.0,0.0,1,-0.14659920573109078,-1.4667255866875475,5.197173375042328,9.0,-0.14659920573109078,0.45286172377343614,-4.476043367989206,-3.9870866452475435,0.0025454881145941543,0.0026381399711343447,0.002343972259210482,0.01679274350209726,-0.12788532161518915,-0.42886615979199544,0.0,0.0,0.0,0.0,0.0,-0.27489069141400857,-9.778170577916983,17.323911250141094,30.0,35.997306645717714,-1.9195873104609835,9.673216743031535,12.987086645247544,-0.27489069141400857,-9.778170577916983,17.323911250141094,41.47615328850169,46.00084105054083,2.4199999999999924
0.0,0.0,0.0,0.0,0.0,0.0,0.0,0.0,0.0,0.0,0.0,0.0,0,0.0,-1.5707963267948966,nan,0.0021882113976219174,-0.33376755861325164,-0.14361453507425953,0.12794219244463134,-1.5707975522020523,0.0028561610316070528,-0.3488390005767622,1.5789869114491157,-0.148123537891418,1.3495680029043364,0.013328321564050165,-1.318298330498452,0.2885232436260182,0.015745654193400512,0.0006679496339851354,-0.015071441963510568,-0.004509002817158464,0.011404640595711169,0.00013462947478269237,-0.010945440881446677,0.00320078520563607,15.551654356522771,0.10205924126777455,-0.01706364887780495,0.038417451078858855,-1.5707974842192483,1.5773558347676353,-0.6858295269407048,0.8614018886914276,0.7981358008484898,0,zero,0,-0.03841745107885863,0.08952474136577226,1.5626122519393553,1.4876227097627754,1.2203388740450625,-0.3056815311816482,0.100380423642134,1.5642434186273344,1.4650711204711564,1.2358527094192961,-0.40224402637628176,0.007893496450105184,0.0018905256615413977,-0.0017412028408537118,0.0012879803437935262,0.017060050291340067,2.7657530135189283,-9.652828800085922,-22.439065025232633,1.0,-0.27284353971481323,1.1574243519163474e-06,-6.79828042748909e-08,0.0,0.0,0.0,1,-0.13855532162676668,-4.331362361998033,9.0,9.0,-0.13855532162676668,-0.5634456535954219,-0.7289432466685146,0.19299594434427592,-0.0032861924769618865,0.0027950073705523006,0.0023405552273492135,0.023511607874130636,-0.16255159188409735,-0.4926986832792026,0.0,0.0,0.0,0.0,0.0,-0.2598074660168136,-28.875749079986885,30.0,30.0,51.3213053696977,-3.767916708402611,9.728943246668514,8.807004055655725,-0.2598074660168136,-28.875749079986885,58.40440508386243,101.68508033498419,120.76757214079385,2.429999999999992
0.0,0.0,0.0,0.0,0.0,0.0,0.0,0.0,0.0,0.0,0.0,0.0,0,0.0,-1.5707963267948966,nan,0.002092835112114212,-0.32339125910631183,-0.14293985908261908,0.12795206828422545,-1.5707975517052344,0.0028322933708900488,-0.3488410012949982,1.5789184493588875,-0.14812719434056484,1.040069055147433,0.0071508624790701455,-1.0378300225175774,-0.06783324407872993,0.025983545236656996,0.0007394582587758368,-0.025449742188686342,-0.005187335257945763,0.014290312290535933,0.00013718260255264094,-0.014190711504661417,0.0016786641373631936,10.345842832865515,0.0670258671447756,-0.0019649682188814794,-0.08939026123338167,-1.5707971010807322,1.5772717693603489,-1.0,0.8614019117209875,0.7981358476871729,0,zero,0,0.08939026123338145,0.21734232951760735,1.5626807140849768,1.4876391067351387,1.2203237721845372,-0.3056703602261138,0.29158515336958357,1.5643274020969196,1.491401551301498,1.1507662585994018,-0.588807758672334,0.005847132619197501,0.0014004129010384671,-0.00128980154634255,0.0009540755391078926,0.0019556381653155113,2.374083920098813,-7.292816266377826,-15.264792291172526,1.0,-0.6875338554382324,7.742858354475857e-07,-4.506245021573818e-07,0.0,0.0,0.0,1,-0.09201911609498989,-4.5,9.0,9.0,-0.09201911609498989,-1.7572242285038242,2.5379024734457554,3.46323347918196,-0.004791558758953817,0.0027950074452767586,0.0023405553647049427,0.02255077054734043,-0.1354275212459868,-0.37043338554402405,0.0,0.0,0.0,0.0,0.0,-0.1725466268422837,-30.0,30.0,30.0,51.961810710736735,-2.742775771496176,6.462097526554245,5.536766520818039,-0.1725466268422837,-39.84988203903359,74.6445271608836,115.80785558889536,143.4270118284337,2.439999999999992
0.0,0.0,0.0,0.0,0.0,0.0,0.0,0.0,0.0,0.0,0.0,0.0,0,0.0,-1.5707963267948966,nan,0.0020873447645387484,-0.31953684181982694,-0.14209086697885523,0.12795920265072325,-1.5707975513463295,0.002815051065460683,-0.34884244557019284,1.5788689919293006,-0.14812983577376312,0.39488081964853533,-0.0011751957853902047,-0.3855861561679552,-0.0851633536962132,0.029930204004311973,0.0007277063009219348,-0.029305603750365894,-0.006038968794907895,0.012022687224371522,8.347269289490195e-05,-0.012009792782219784,0.0005503796260297646,1.9706207944473824,0.012889126382245274,0.011751180965354659,-0.14423234639645632,-1.570796922680698,1.577332820521769,-1.0,0.861401911720968,0.798135847687164,0,zero,0,0.1442323463964561,0.27219154904717957,1.5627301715545858,1.4876509520075147,1.2203128625088149,-0.30566229026002045,0.3840210563923077,1.564266264794551,1.5067221476311616,1.1070073006589092,-0.6720882054483214,0.004093859824628839,0.0009804966787704142,-0.000903052329440856,0.0006679943441664176,-0.011754828598165075,0.847421127481809,-2.1470261831359494,-3.270268001745472,1.0,-0.9425039291381836,5.958858011467782e-07,-6.286656315523942e-07,0.0,0.0,0.0,1,-0.03672835205870642,-4.5,9.0,9.0,-0.03672835205870642,-2.7124102799780165,4.811049713606418,5.562978965443832,-0.004791558758953817,0.0027950074452766957,0.0023405553647049162,0.013239419713907331,-0.059237598582989534,-0.13274452386535923,0.0,0.0,0.0,0.0,0.0,-0.06886996448285472,-30.0,30.0,30.0,51.96156986727795,-1.7875897200219835,4.188950286393582,3.4370210345561683,-0.06886996448285472,-34.50792993046936,60.91336294922908,87.39986418843465,111.98203434970954,2.4499999999999917
0.0,0.0,0.0,0.0,0.0,0.0,0.0,0.0,0.0,0.0,0.0,0.0,0,0.0,-1.5707963267948966,nan,0.002172273255752946,-0.32361726349062925,-0.14358472120273433,0.12796402397085438,-1.5707975511037844,0.002803398843167928,-0.3488434210927185,1.5788355691859552,-0.14813162081920275,0.43448221073088583,-0.00965807135069525,0.40794461482766553,0.14920691784394702,0.02564042985198913,0.0006311255874149823,-0.02522615760208924,-0.004546899616468425,0.005449787397256745,-8.723241291135162e-06,-0.005277557097112726,0.0013592268637261833,-7.687910612998696,-0.05165544071538884,0.022322927314006973,-0.10650196317873029,-1.570797004732434,1.5775127584682331,-1.0,0.861401911720968,0.7981358476871638,0,zero,0,0.10650196317873029,0.23446598714958444,1.5627635943249811,1.4876589569018617,1.2203054898795715,-0.30565683667280774,0.33045743039593856,1.5640863609901203,1.503023832289558,1.1237472933315618,-0.6213161449086851,0.002641502266292989,0.0006326509235815404,-0.0005826811070687923,0.0004310134322067235,-0.02231694731176842,-1.1893283685439733,4.274736452713059,10.773492231687078,1.0,-0.7253221869468689,6.779375372190088e-07,-5.463713503850443e-07,0.0,0.0,0.0,1,0.01920912062523806,-2.6197544381079627,6.744172676357004,9.0,0.01920912062523806,-3.0459546409335734,5.810466938752489,6.732207024715089,-0.004791558758953817,0.0027950074452766957,0.002340555364704916,-0.010173542959306822,0.053293396988864566,0.1747152817720962,0.0,0.0,0.0,0.0,0.0,0.03601935238184523,-17.465029587386418,22.48057558785668,30.0,41.35704093190622,0.42620020282561066,0.933705737604515,2.2677929752849106,0.03601935238184523,-17.465029587386418,22.48057558785668,30.94390350740364,42.04675967204695,2.4599999999999915
0.0,0.0,0.0,0.0,0.0,0.0,0.0,0.0,0.0,0.0,0.0,0.0,0,0.0,-1.5707963267948966,nan,0.0023324509900040286,-0.33502584636199656,-0.14543550160696192,0.12796697200519302,-1.5707975509554781,0.0027962739690302824,-0.34884401738441245,1.5788151325851383,-0.1481327122978738,1.1558178796251048,-0.016730260838872853,1.1407986579673346,0.18496889255565363,0.01408658679992341,0.00046382297902625375,-0.013818171022415893,-0.0026972106909118887,0.004606331354561652,-0.00011714323662436832,0.004079732339259675,0.002135497611829555,-15.00500196753892,-0.10456155756019561,0.02589208770806313,0.018910718926858472,-1.5707973462088376,1.5777618163965572,-0.2484267647104559,-0.8623543861082221,-0.799301018273582,0,zero,0,-0.018910718926858472,0.10905625307833455,1.5627840309423393,1.4876638515578353,1.2203009818270973,-0.3056535020337644,0.13927782276642894,1.5638373941544053,1.481888179898838,1.197808688977404,-0.4429777195620334,0.0014979496185716329,0.0003587652457318942,-0.0003304282389685379,0.00024442015992641187,-0.02588636815001707,-2.5453697244090128,8.962620609610203,21.422617162570432,1.0,-0.25844553112983704,1.01941394081706e-06,-2.0474664053082847e-07,0.0,0.0,0.0,1,0.08361364580910847,0.24893718000314305,-9.0,-9.0,0.08361364580910847,-2.537679518437999,3.0921350823230687,3.9860176899555806,-0.001190351440406944,-0.0027980979573449727,-0.0023439722595540073,-0.021398615818058995,0.1409480160323065,0.42993506850460733,0.0,0.0,0.0,0.0,0.0,0.15678538497863956,1.6595812000209538,-30.0,-30.0,42.459142612827286,2.7866166984411422,-12.092135082323068,-12.986017689955581,0.15678538497863956,1.6595812000209538,-30.16609881814973,-41.34963283547346,51.21097973043715,2.4699999999999913
0.0,0.0,0.0,0.0,0.0,0.0,0.0,0.0,0.0,0.0,0.0,0.0,0,0.0,-1.5707963267948966,nan,0.0025031975622028793,-0.3485168798887059,-0.1431503175847859,0.12796849794259857,-1.5707975508787135,0.0027925860408651395,-0.34884432597264237,1.578804554359097,-0.14813327725968725,1.3684105201964667,-0.01744345003639935,1.3490724938479415,-0.22857489839894496,0.005002084940418409,0.00028938847866226023,-0.0003274460839364779,-0.004982959674901338,0.01169498043314118,-0.0001940417268290157,0.01169294304346708,-9.999060975460824e-05,-15.650974228933867,-0.11250763465420165,0.01813175133214297,0.17826914852643783,-1.570797831617573,1.5779815171767597,0.8321922143470144,-0.8614019118774311,-0.7981358008484956,0,zero,0,-0.1782691485264376,-0.05030065058383926,1.5627946091769425,1.4876663850895975,1.220298648405874,-0.30565177598519677,0.12072522613528905,1.5636176554790102,1.4555495032908474,1.2929902708835193,-0.21477638467768193,0.000671157030315411,0.00016074493689273713,-0.0001480485277001122,0.00010951256747997477,-0.01813578667649404,-2.537114107525686,9.339243329383681,22.45350782709278,1.0,-0.11667001247406006,1.5048226762459649e-06,2.8073885971480195e-07,0.0,0.0,0.0,1,0.1271108124823437,1.8590432322992612,-9.0,-9.0,0.1271108124823437,-1.4673316262149991,-0.6550225295763281,-0.1933398057144144,0.0039874978937876095,-0.0027950074457843747,-0.002340555227349231,-0.023053427868744338,0.16072426947845556,0.49304251932405185,0.0,0.0,0.0,0.0,0.0,0.23834767013377783,12.393621548661741,-30.0,-30.0,44.20021113867343,3.32637485851426,-8.344977470423672,-8.806660194285586,0.23834767013377783,12.393621548661741,-72.18760163131029,-101.86401171548427,125.46308372089528,2.479999999999991
0.0,0.0,0.0,0.0,0.0,0.0,0.0,0.0,0.0,0.0,0.0,0.0,0,0.0,-1.5707963267948966,nan,0.0026115318774232107,-0.3582813891042784,-0.13745066664285982,0.12796906449466716,-1.5707975508502117,0.002791216780409055,-0.3488444405353765,1.5788006268612733,-0.14813348701938342,1.1306805465240535,-0.010970357567641588,0.9764394652838404,-0.5699860701622261,0.014255207334638418,0.00017968490298584435,0.009436948568901926,-0.0106828203765236,0.014793442125951467,-0.00020213910576001289,0.014279618542723783,-0.003859736259137025,-10.554070935758087,-0.07699130646332733,0.00446067920769592,0.3078585787722139,-1.5707982924611084,1.5780874406262206,1.0,-0.8614019117209849,-0.7981358476871728,0,zero,0,-0.3078585787722137,-0.17988951427754696,1.5627985366779447,1.4876673257426372,1.220297782050141,-0.30565113513559067,0.32017357426374987,1.5635115526717447,1.4346647494001317,1.3709234475182126,-0.02813853169499914,0.0001691451248565446,4.0510970149566635e-05,-3.731121864415949e-05,2.7599378480854104e-05,-0.004469029759559959,-1.726610839154974,6.440111752412273,15.267852668311452,1.0,-0.4279037415981293,1.9656662120226542e-06,7.416108966928903e-07,0.0,0.0,0.0,1,0.09099878196630751,2.1565963661122116,-9.0,-9.0,0.09099878196630751,-0.34646610486080204,-3.5525739688754836,-3.463351500736234,0.004791558758953817,-0.0027950074452767503,-0.0023405553647049423,-0.018130351881159534,0.1219974878256028,0.37055139332980874,0.0,0.0,0.0,0.0,0.0,0.1706333807731249,14.377309107414746,-30.0,-30.0,44.79660849797432,2.503062470973014,-5.447426031124516,-5.536648499263766,0.1706333807731249,14.377309107414746,-80.27330632022235,-115.94093115102298,141.749212896112,2.489999999999991
0.0,0.0,0.0,0.0,0.0,0.0,0.0,0.0,0.0,0.0,0.0,0.0,0,0.0,-1.5707963267948966,nan,0.002626850466698211,-0.36171098332261853,-0.13358144053994875,0.12796914599017262,-1.5707975508461123,0.0027910198194953002,-0.3488444570141578,1.578800061911574,-0.14813351719219817,0.5170434056364966,-0.0015515550188755032,0.342957773955882,-0.38692562757258187,0.01942517402021544,0.00016416935279708932,0.012866526308460746,-0.014552076652249418,0.012859619538731723,-0.00014484674217208834,0.011785272301174559,-0.005143558193447462,-2.102895757175241,-0.015285621806419965,-0.008122199617498143,0.3644682780940933,-1.5707985311019177,1.5780603335644263,1.0,-0.8614019117209681,-0.7981358476871638,0,zero,0,-0.3644682780940931,-0.23649913210392093,1.562799101628101,1.4876674610505802,1.220297657429471,-0.305651042952779,0.41197851400859753,1.5635385319907278,1.4238627933237107,1.4084891516374747,0.05523491567057024,0.0,0.0,-0.0,0.0,0.008120524773123498,-0.6256187285399278,1.8133116408681105,3.290644223556118,1.0,-0.6752471327781677,2.2043070213584315e-06,9.802558054161636e-07,0.0,0.0,0.0,1,0.004496584881012871,1.756762484492169,-9.0,-9.0,0.004496584881012871,0.4580259137039399,-5.490553476043146,-5.563257819427786,0.004791558758953817,-0.002795007445276696,-0.002340555364704916,-0.010699837288361023,0.05094114909396968,0.13302337036420456,0.0,0.0,0.0,0.0,0.0,0.008431623628375906,11.71174989661446,-30.0,-30.0,44.01323842587734,1.298736570788229,-3.5094465239568544,-3.436742180572214,0.008431623628375906,11.71174989661446,-61.500578307354466,-87.25425615200933,107.39083529572076,2.4999999999999907
0.0,0.0,0.0,0.0,0.0,0.0,0.0,0.0,0.0,0.0,0.0,0.0,0,0.0,-1.5707963267948966,nan,0.002555065007546875,-0.3582274185601978,-0.13522863696604195,0.12796906153745513,-1.5707975508417895,0.00279082119585625,-0.3488444440045347,1.5787994928733748,-0.14813348819846409,0.38540380217589043,0.0071586835512285445,-0.3483551752797631,0.16472254198272862,0.01595716070682672,0.00023575618830937476,0.009382974555663115,-0.012904851232422132,0.005994878882065919,-4.875364951531969e-05,0.005524702288649972,-0.0023267704042480453,7.730489021757422,0.055179874853081026,-0.016312499006980313,0.3270127253397759,-1.5707984055438222,1.5779307837760652,1.0,-0.861401911720968,-0.7981358476871638,0,zero,0,-0.32701272533977566,-0.19904366380232075,1.5627996706669107,1.4876673320289315,1.2202977723519903,-0.30565114150459205,0.3614599209374828,1.5636681703882902,1.4251028088248563,1.3943647461774678,0.004894972964503457,0.00017036926113564847,-3.8628864317753026e-05,3.440760867664761e-05,-2.9506246824821177e-05,0.016320768276520046,0.6495434348417704,-3.6366502693439093,-10.717792788491554,1.0,-0.5184078216552734,2.0787489258822234e-06,8.547020327043242e-07,0.0,0.0,0.0,1,-0.07482725887214309,0.6407295133004057,-8.08586285897583,-9.0,-0.07482725887214309,0.7723359797799405,-6.522852749168595,-6.73326315755015,0.004791558758953817,-0.0027950074452766957,-0.002340555364704916,0.007337535622452261,-0.04572406398230832,-0.17365915300609933,0.0,0.0,0.0,0.0,0.0,-0.14030987975275283,4.271530088669372,-26.9528761965861,-30.0,40.55518698550485,-0.13160646647953478,-1.5630101098072346,-2.26673684244985,-0.14030987975275283,4.271530088669372,-26.9528761965861,-30.647926888393386,41.036795854276534,2.5099999999999905
0.0,0.0,0.0,0.0,0.0,0.0,0.0,0.0,0.0,0.0,0.0,0.0,0,0.0,-1.5707963267948966,nan,0.0024211700949822524,-0.34792499686162986,-0.1404412300527668,0.12796847442702242,-1.5707975508117378,0.002789440376168732,-0.34884435355914784,1.5787955369525268,-0.14813328663566327,1.1546809831862912,0.013251409287710469,-1.0302331253181085,0.5212794649525648,0.007755551186844005,0.00036827028118647945,-0.0009193566975179701,-0.007692056582896484,0.0037149473828576966,5.57416393918081e-05,-0.0031794587062829918,0.0019206168962290337,15.067763483513122,0.10494441231351848,-0.016802140136446046,0.20082762585730185,-1.5707979711914946,1.5777578486434543,0.5249221395575183,0.8154856916608516,0.7993010182680153,0,zero,0,-0.20082762585730185,-0.07285915143027921,1.5628036265920044,1.4876664350778461,1.2202985712867374,-0.30565182663113105,0.17770234785541902,1.5638413160914584,1.4397292974364309,1.3281881461695337,-0.17284023790413575,0.0006760143247300331,-0.00015327686140554492,0.00013652718917762666,-0.00011707889903166038,0.016809521565449057,1.9829647657028673,-8.282781077751563,-21.367945250030257,1.0,-0.182008296251297,1.6443965979995312e-06,4.203797567825518e-07,0.0,0.0,0.0,1,-0.1177700667276844,-1.473767447555393,5.257108704298107,9.0,-0.1177700667276844,0.45684872067446525,-4.450740508384373,-3.9872798110755916,0.0025151952755656046,0.0026460221978785448,0.0023439722595376827,0.01680537549051818,-0.12798365470117826,-0.4286729495965459,0.0,0.0,0.0,0.0,0.0,-0.22083267715673055,-9.825116317035954,17.52369568099369,30.0,36.106254140171664,-1.9306161682298582,9.70784921268248,12.987279811075592,-0.22083267715673055,-9.825116317035954,17.52369568099369,41.393649139124854,46.011909078929065,2.5199999999999902
0.0,0.0,0.0,0.0,0.0,0.0,0.0,0.0,0.0,0.0,0.0,0.0,0,0.0,-1.5707963267948966,nan,0.0022880103496379306,-0.3347620153279978,-0.14339654150012818,0.1279668931182214,-1.5707975507307963,0.002785721314151244,-0.3488441099276205,1.5787848821726085,-0.148132743751133,1.3491163730433582,0.012944068332683412,-1.3162737902104704,0.2955854331891661,0.014865554691276811,0.0004977109645133136,-0.014082094599622674,-0.004736202251004823,0.011350080336711256,0.00012323676714716956,-0.010875549288584415,0.003245237128561427,15.540227383340032,0.10631431677637974,-0.00805629092226287,0.041834942042410894,-1.5707974742209676,1.5776344616561497,-0.6913859059012009,0.8614018911851532,0.7981358008484952,0,zero,0,-0.041834942042410894,0.08613195107581051,1.5628142813833577,1.4876640192518527,1.2203007231179361,-0.3056536719341008,0.09864409643373266,1.5639647824383407,1.465015494939118,1.2340721070982514,-0.4006627632794674,0.001508790572309146,-0.0003420973121156519,0.0003047138623539273,-0.0002613073904104738,0.008052454635153122,2.762959913150884,-9.64457536274491,-22.422206488514373,1.0,-0.2542814612388611,1.1474260710464534e-06,-7.650982869478185e-08,0.0,0.0,0.0,1,-0.11023646340750756,-4.335422256886976,9.0,9.0,-0.11023646340750756,-0.5626651847660245,-0.70358248301777,0.1926634396447776,-0.0033128161932381183,0.00279500737864374,0.0023405552273492295,0.023498342321245726,-0.16245926348787823,-0.49236615445682747,0.0,0.0,0.0,0.0,0.0,-0.2067062880320787,-28.902815045913172,30.0,30.0,51.33629753953607,-3.7727570721209513,9.70358248301777,8.807336560355223,-0.2067062880320787,-28.902815045913172,58.558389907214114,101.57021257035322,120.75184700525219,2.52999999999999
0.0,0.0,0.0,0.0,0.0,0.0,0.0,0.0,0.0,0.0,0.0,0.0,0,0.0,-1.5707963267948966,nan,0.002212909852651408,-0.324366187782361,-0.14277890188996623,0.12796383810913237,-1.5707975505744238,0.0027785362889076095,-0.3488436391274965,1.5787642976735534,-0.14813169492452757,1.0413848403551313,0.00679154717428878,-1.039535674551284,-0.06165907835565254,0.025062281438243343,0.0005656264362562014,-0.024477451345135515,-0.005352793034561348,0.014263798943412226,0.00012720967967091312,-0.01415555035410233,0.0017493347786970807,10.339066808452069,0.07060802482316009,0.004076314646124644,-0.08588476667853451,-1.5707970922351884,1.5776224784026458,-1.0,0.8614019117209862,0.7981358476871728,0,zero,0,0.08588476667853451,0.21384860478766665,1.5628348659045024,1.4876593519975074,1.2203048803476126,-0.30565723696665204,0.29025857285632856,1.5639766834941449,1.4912915992829128,1.149146097214104,-0.5870323775384526,0.0026606193337267024,-0.0006032584901679427,0.0005373360679160453,-0.00046079257633996275,-0.004085743801373137,2.366993708042882,-7.271669322688711,-15.243983520066628,1.0,-0.6578704714775085,7.654402915946434e-07,-4.5833923545401944e-07,0.0,0.0,0.0,1,-0.06093212569572642,-4.5,9.0,9.0,-0.06093212569572642,-1.7577258991989335,2.5562973948824177,3.4628077437999307,-0.004791558758953817,0.0027950074452767547,0.0023405553647049423,0.022506675002660462,-0.1351244200598311,-0.37000763704711925,0.0,0.0,0.0,0.0,0.0,-0.11425487660927511,-30.0,30.0,30.0,51.96164984078959,-2.7422741008010663,6.443702605117583,5.537192256200069,-0.11425487660927511,-39.827977731315244,74.69584335034773,115.65717872693517,143.32596718402735,2.53999999999999
0.0,0.0,0.0,0.0,0.0,0.0,0.0,0.0,0.0,0.0,0.0,0.0,0,0.0,-1.5707963267948966,nan,0.002219254981028638,-0.3204690108968387,-0.14195658717330606,0.12795884183869255,-1.5707975503186848,0.0027667856874750286,-0.34884286883404614,1.5787306330521698,-0.14812997963340538,0.3981921044341793,-0.0018095729809810765,-0.38964065920719104,-0.08205994255379712,0.029042836958219864,0.0005475307064463906,-0.028373857937207425,-0.0061733924600993195,0.012029483374315864,7.261411474987901e-05,-0.012013375694106949,0.0006180630028737154,1.9700034504864719,0.013658364187952488,0.014729737240784755,-0.14069580046913432,-1.5707969154248393,1.5777254094565791,-1.0,0.861401911720968,0.7981358476871638,0,zero,0,0.14069580046913455,0.2686546423078271,1.5628685305620114,1.4876517190038643,1.2203116792287845,-0.30566306734759696,0.3825031893816348,1.5638736670489986,1.506522092196933,1.1056672841119541,-0.6700917315215553,0.004123487887164145,-0.0009349436221498795,0.0008327755644339834,-0.000714146733787574,-0.014733329335461497,0.8373673598338438,-2.1148312667995643,-3.2475147054444284,1.0,-0.9095747470855713,5.886299430102326e-07,-6.348938454969755e-07,0.0,0.0,0.0,1,-0.0016673007509538315,-4.5,9.0,9.0,-0.0016673007509538315,-2.713085186232416,4.823057504577274,5.562504895638703,-0.004791558758953817,0.0027950074452766957,0.002340555364704916,0.013172236748539784,-0.058746113129372036,-0.1322704469304121,0.0,0.0,0.0,0.0,0.0,-0.0031263843070576253,-30.0,30.0,30.0,51.961524321119356,-1.7869148137675839,4.176942495422726,3.4374951043612967,-0.0031263843070576253,-34.44278082987261,60.84691446092242,87.22217307946373,111.78711749207802,2.5499999999999896
0.0,0.0,0.0,0.0,0.0,0.0,0.0,0.0,0.0,0.0,0.0,0.0,0,0.0,-1.5707963267948966,nan,0.0023089972152227837,-0.32449794526040476,-0.14343523293837612,0.12795144858882113,-1.5707975499402558,0.002749397791753385,-0.3488417282375565,1.5786808177026523,-0.14812744141853992,0.42949839383659305,-0.010713012991578948,0.4030074960055696,0.14811839799355186,0.024795776711524723,0.0004404005765306011,-0.02434378297715173,-0.004692208480163801,0.005493452874100438,-2.2970022523760396e-05,-0.005312797459198625,0.0013970254169342281,-7.683354557112719,-0.05472228631538113,0.022094058483441117,-0.10299204700709175,-1.5707969991750417,1.5779158538779463,-1.0,0.861401911720968,0.7981358476871638,0,zero,0,0.10299204700709197,0.23094349559591265,1.56291834596498,1.487640424052948,1.2203217398986494,-0.3056716948756256,0.32860436921129194,1.5636832579728512,1.502721913547074,1.1227599301338937,-0.6190955106976456,0.005889449459130639,-0.0013353508875165166,0.0011894274293372494,-0.0010199935613094994,-0.022087914994179458,-1.1988970546561466,4.31035045302511,10.79500282291164,1.0,-0.6973558068275452,6.72380145338991e-07,-5.50765213880311e-07,0.0,0.0,0.0,1,0.0576383000439773,-2.6057437325578685,6.692791317914758,9.0,0.0576383000439773,-3.044132838710703,5.807926041960562,6.7317396364038435,-0.004791558758953817,0.0027950074452766957,0.002340555364704916,-0.010244195739115888,0.053878563478674174,0.1751826739592788,0.0,0.0,0.0,0.0,0.0,0.10807856749292574,-17.371624883719125,22.309304393049196,30.0,41.22487228093163,0.43838910615283444,0.884865275954196,2.2682603635961565,0.10807856749292574,-17.371624883719125,22.309304393049196,30.74609292153437,41.77095072557903,2.5599999999999894
0.0,0.0,0.0,0.0,0.0,0.0,0.0,0.0,0.0,0.0,0.0,0.0,0,0.0,-1.5707963267948966,nan,0.0024660631539583536,-0.3358516878487149,-0.145230599011197,0.12794121438654882,-1.5707975494164115,0.002725328569405042,-0.34884014787123896,1.5786118601571024,-0.14812392784898004,1.149835367860315,-0.01811351610839125,1.1355322954627656,0.1798879642380763,0.013309344990490694,0.0002592654154466886,-0.012988460022524073,-0.002893328837783038,0.00455106701021152,-0.000135829719686613,0.004021233217775481,0.0021268391163754086,-14.997527126810649,-0.11021928097955692,0.02229348866593693,0.02235658555769171,-1.5707973422331403,1.5781425018722244,-0.24362051111819888,-0.8623382067543433,-0.7993010182682796,0,zero,0,-0.02235658555769149,0.10558462882885689,1.5629873035845108,1.4876247888702232,1.2203356665117735,-0.30568363764352147,0.1370061188179818,1.5634567018433798,1.4815162148066352,1.1971396977732018,-0.4405728092475846,0.007950623224463075,-0.0018026934185905025,0.0016057000589148587,-0.0013769681790506767,-0.022287580018427726,-2.5503979681126436,8.991082408244086,21.438616569788856,1.0,-0.24265740811824799,1.0154382437121967e-06,-2.0718327142787984e-07,0.0,0.0,0.0,1,0.12361768342229523,0.26218301683397943,-9.0,-9.0,0.12361768342229523,-2.5324655983546482,3.0839182797621087,3.98565342350629,-0.0011673219939092115,-0.0027980454598824805,-0.0023439722595384577,-0.021440998132648915,0.14144120298631363,0.430299337060872,0.0,0.0,0.0,0.0,0.0,0.23179764376953915,1.7478867788931964,-30.0,-30.0,42.46302907635637,2.7946486151886276,-12.08391827976211,-12.98565342350629,0.23179764376953915,1.7478867788931964,-30.37744547195418,-41.553045144207694,51.50294741563437,2.569999999999989
0.0,0.0,0.0,0.0,0.0,0.0,0.0,0.0,0.0,0.0,0.0,0.0,0,0.0,-1.5707963267948966,nan,0.002621860862558476,-0.3492779799263072,-0.14287864832983171,0.12792770690614552,-1.570797548725024,0.002693561468365711,-0.3488380594127816,1.5785208474260428,-0.14811929048688552,1.363328515793602,-0.018756480963945388,1.3428380536049667,-0.23473133192707663,0.005259562838619128,7.170060580723473e-05,0.00043992051352559347,-0.005240642157053804,0.011615443876278633,-0.00021521544671290006,0.011612523028212963,-0.00014672311916864075,-15.641709663908987,-0.11751038922397955,0.011066357108016364,0.1816291484204018,-1.5707978291992863,1.5783055816163873,0.8348765106951375,-0.8614019118749774,-0.7981358008484952,0,zero,0,-0.1816291484204018,-0.05370144151425649,1.5630783164131967,1.4876041529750679,1.2203540473732806,-0.3056994001523774,0.12246400430191028,1.563293584149706,1.4551567704974968,1.2925481681276958,-0.21225122035035535,0.01029919430632607,-0.0023351993005620774,0.0020800151683153315,-0.001783717128744788,-0.011070236067680525,-2.5373831106220983,9.358245884266411,22.463013836533058,1.0,-0.12012417614459991,1.502404389785994e-06,2.804742624817891e-07,0.0,0.0,0.0,1,0.16624504627057024,1.8656501146172604,-9.0,-9.0,0.16624504627057024,-1.4604574279593319,-0.6620495269670237,-0.19356511283243272,0.004000359857466086,-0.0027950074457764127,-0.0023405552273492295,-0.02306120350573689,0.16106171327404356,0.4932678275874211,0.0,0.0,0.0,0.0,0.0,0.3117289448163702,12.437667430781737,-30.0,-30.0,44.2130381907166,3.326107542576592,-8.337950473032976,-8.806434887167567,0.3117289448163702,12.437667430781737,-72.3522950546878,-102.04810899738692,125.71182878184904,2.579999999999989
0.0,0.0,0.0,0.0,0.0,0.0,0.0,0.0,0.0,0.0,0.0,0.0,0,0.0,-1.5707963267948966,nan,0.0027001414913561555,-0.3589740209552161,-0.1371352339675284,0.12791050537124926,-1.5707975478445575,0.00265310721461935,-0.3488353954624516,1.5784049443389347,-0.1481133848521646,1.126933816360701,-0.011873488254404013,0.9698704979238859,-0.5737508727582386,0.014943685487575001,-4.70342767368054e-05,0.010138625492764453,-0.01097815088463619,0.014714741267011801,-0.00022224021365088484,0.014182384176943839,-0.003915890562836185,-10.544368534193133,-0.07937506758129435,-0.006061437446990396,0.3111222153825619,-1.5707982914285847,1.5783201992715858,1.0,-0.8614019117209848,-0.7981358476871728,0,zero,0,-0.3111222153825617,-0.18321171001131287,1.5631942196246031,1.4875778735312435,1.2203774550720394,-0.30571947342581157,0.3223552773198909,1.5632787866068991,1.4342892106353848,1.3706288923044296,-0.025544989075823123,0.012927413776211958,-0.002931111571489074,0.002610807791546694,-0.002238898373714261,0.0060531948869042345,-1.72383331144247,6.452567306002178,15.273401281367065,1.0,-0.44420114159584045,1.964633688178452e-06,7.43584027240729e-07,0.0,0.0,0.0,1,0.12797984142782282,2.155946942290126,-9.0,-9.0,0.12797984142782282,-0.34046496064790216,-3.557511290691826,-3.4634789360397784,0.004791558758953817,-0.00279500744527675,-0.0023405553647049423,-0.0181140686903173,0.12221633287493036,0.3706788292559498,0.0,0.0,0.0,0.0,0.0,0.23997720125224606,14.372979615267507,-30.0,-30.0,44.79553696606411,2.496411902938028,-5.442488709308174,-5.536521063960222,0.23997720125224606,14.372979615267507,-80.37409968952286,-116.09784847279546,141.93430329906704,2.5899999999999888
0.0,0.0,0.0,0.0,0.0,0.0,0.0,0.0,0.0,0.0,0.0,0.0,0,0.0,-1.5707963267948966,nan,0.002670378094788185,-0.36234816613816867,-0.13326226204625907,0.1278892004569916,-1.5707975467540631,0.0026030036129295903,-0.3488320893005337,1.5782613928846916,-0.14810607038693635,0.5133312661270302,-0.0020340205121789114,0.3377451344870497,-0.38656574560410883,0.020075545284161476,-6.737448185859451e-05,0.01351607683763495,-0.014843808340677278,0.01278291547993394,-0.0001614345588923829,0.011685874383551944,-0.005178533280975841,-2.094258507266211,-0.015447696250137586,-0.021993058745827004,0.3676403121710443,-1.5707985306626508,1.5781676777340232,1.0,-0.8614019117209681,-0.7981358476871638,0,zero,0,-0.3676403121710443,-0.23975111171405272,1.5633377712327527,1.4875453251973665,1.220406446613854,-0.30574433512418325,0.41427632452665464,1.5634311802661343,1.4235213348873792,1.4083016413512133,0.057877981019178695,0.015827598653940813,-0.0035886882222969205,0.003196526281476481,-0.0027411812988702698,0.021991442552334067,-0.6219776137866669,1.8232271947152647,3.2955650613079803,1.0,-0.6951412558555603,2.203867754069222e-06,9.839085874929765e-07,0.0,0.0,0.0,1,0.040178638220492835,1.750402911916723,-9.0,-9.0,0.040178638220492835,0.46123714918187325,-5.493826174112675,-5.563360044413948,0.004791558758953817,-0.002795007445276696,-0.002340555364704916,-0.010674787554956443,0.05110715566617644,0.1331255956887978,0.0,0.0,0.0,0.0,0.0,0.07533965539188606,11.669352746111487,-30.0,-30.0,44.00203937974755,1.2891657627348498,-3.506173825887325,-3.4366399555860516,0.07533965539188606,11.669352746111487,-61.55821733701574,-87.39701737595809,107.53526043815414,2.5999999999999885
0.0,0.0,0.0,0.0,0.0,0.0,0.0,0.0,0.0,0.0,0.0,0.0,0,0.0,-1.5707963267948966,nan,0.0025411455081976626,-0.35883213940650843,-0.13494952943603905,0.127863394192131,-1.5707975454331737,0.0025423153502447155,-0.3488280746267879,1.578087511552199,-0.14809721041983917,0.3900740318198963,0.006854432390564734,-0.35120120579144043,0.16961273568771584,0.016520981470153483,1.1698420470528277e-06,0.010004064779720545,-0.01314768098380012,0.005913039764703849,-6.181741373175779e-05,0.005439614069686842,-0.002317502241464594,7.737431146851155,0.05483629648619683,-0.03337312123047294,0.330108606547008,-1.5707984043914227,1.5778799692142904,1.0,-0.861401911720968,-0.7981358476871638,0,zero,0,-0.33010860654700824,-0.20224521235487725,1.5635116527516078,1.48750589997738,1.2204415635546506,-0.30577444965880884,0.36379496189737254,1.5637189782990364,1.4247951174192741,1.3942715166555881,0.00758993324694501,0.01899213190766042,-0.0043062021967786345,0.0038356323098317304,-0.003289246710712732,0.03338139968471564,0.6525497454445044,-3.627475870416916,-10.71255158393124,1.0,-0.5337698459625244,2.077596525928982e-06,8.589582489726411e-07,0.0,0.0,0.0,1,-0.03812271834751683,0.6317470232654331,-8.0977361073987,-9.0,-0.03812271834751683,0.7720995007476239,-6.527306769934105,-6.733374437418177,0.004791558758953817,-0.0027950074452766957,-0.002340555364704916,0.007360193794390121,-0.045572872115788456,-0.17354787295410964,0.0,0.0,0.0,0.0,0.0,-0.07148456468688698,4.211646821769554,-26.992453691329004,-30.0,40.575061740838436,-0.14035247748219082,-1.5704293374645957,-2.2666255625818232,-0.07148456468688698,4.211646821769554,-26.992453691329004,-30.79385254471168,41.165482990222486,2.6099999999999883
0.0,0.0,0.0,0.0,0.0,0.0,0.0,0.0,0.0,0.0,0.0,0.0,0,0.0,-1.5707963267948966,nan,0.002341593223448749,-0.34851475349887345,-0.14024150294826598,0.12783269986117984,-1.5707975438620994,0.002470133801526363,-0.34882328528449236,1.5778806946708261,-0.14808667213021243,1.1596659115135077,0.012737073603056107,-1.031259656533945,0.5302511801853677,0.007852285911523595,0.0001285405780776139,-0.00030853178561890404,-0.007845169181946443,0.0038032286433596066,4.3625003711262515e-05,-0.0032429154160756105,0.001986490517697302,15.073949266350798,0.10136816884306114,-0.03690864416261449,0.2038600783809359,-1.5707979683552724,1.5775177468143433,0.5206631403819514,0.8152338686464877,0.799301018268267,0,zero,0,-0.20386007838093612,-0.07602737851975583,1.5637184698545532,1.4874590070710245,1.2204833321336674,-0.3058102683061777,0.17977948778916103,1.564081412818995,1.4394433034394973,1.3281793799201136,-0.1701025456147755,0.022413462453846292,-0.005081941391594829,0.0045266008671989875,-0.0038817868373303113,0.03691599099273932,1.9845973078298889,-8.27504577102592,-21.364738560178736,1.0,-0.18473196029663086,1.6415603756314567e-06,4.244931730568169e-07,0.0,0.0,0.0,1,-0.0775161331289627,-1.4822866983053025,5.248365758380669,9.0,-0.0775161331289627,0.4537412397489528,-4.456800556086068,-3.9873609438257995,0.00249478803076154,0.002645205102872762,0.002343972259538421,0.016818483847965738,-0.1278509729334092,-0.42859181674634433,0.0,0.0,0.0,0.0,0.0,-0.14535183410643673,-9.88191132203535,17.494552527935564,30.0,36.1072384250713,-1.9360279380542553,9.705166314466737,12.987360943825799,-0.14535183410643673,-9.88191132203535,17.494552527935564,41.240268109582175,45.87474665254475,2.619999999999988
0.0,0.0,0.0,0.0,0.0,0.0,0.0,0.0,0.0,0.0,0.0,0.0,0,0.0,-1.5707963267948966,nan,0.0021378842683656895,-0.335336048144997,-0.14328871335804172,0.12779674190653512,-1.570797542021624,0.002385576837782529,-0.3488176549715335,1.5776384117509434,-0.14807432651216804,1.3524236995781178,0.011915199133922562,-1.3173075040917581,0.3059556027820126,0.014307940714694281,0.0002476925694168395,-0.013481606826536485,-0.004785613154126317,0.011429638895933805,0.00010832627186792241,-0.01092465827050007,0.0033580876080085403,15.546945426617215,0.09921825560852658,-0.031154149161975092,0.044803298017370485,-1.5707974695226277,1.5771750876688209,-0.6948238845522213,0.8614018906483266,0.7981358008484953,0,zero,0,-0.04480329801737071,0.08299344388916463,1.5639607530338813,1.48740407272431,1.220532263406643,-0.3058522293221679,0.09578231400464698,1.5644241525380913,1.4647406155751095,1.234126071817746,-0.397915321926712,0.02608410515730167,-0.00591420865627371,0.005267920263024304,-0.004517505328400417,0.0311502546754947,2.763836265403067,-9.639253841351195,-22.42267959556894,1.0,-0.24224679172039032,1.1427277311071293e-06,-7.24989961398137e-08,0.0,0.0,0.0,1,-0.06574621981492873,-4.342542445574531,9.0,9.0,-0.06574621981492873,-0.5675671774992259,-0.7089425634069111,0.19265906454392673,-0.0033292894699565117,0.0027950073769018886,0.00234055522734923,0.02350507196950617,-0.1623655831722852,-0.49236177930162306,0.0,0.0,0.0,0.0,0.0,-0.12328186726969571,-28.950282970496872,30.0,30.0,51.3627694199859,-3.774975268075305,9.70894256340691,8.807340935456073,-0.12328186726969571,-28.950282970496872,58.547865147280575,101.42276630858973,120.6340089754195,2.629999999999988
0.0,0.0,0.0,0.0,0.0,0.0,0.0,0.0,0.0,0.0,0.0,0.0,0,0.0,-1.5707963267948966,nan,0.0019865913917678523,-0.32491672277652656,-0.14274309056273046,0.1277551558306067,-1.5707975398930982,0.0022877886361076637,-0.3488111169408966,1.5773582068244385,-0.14806004833857578,1.042647255787956,0.00535046749229719,-1.0412787337833573,-0.05313446217189988,0.024480662414493645,0.0003011972443398114,-0.02389439416437006,-0.005316957775845316,0.014324301165605307,0.00010769668731921425,-0.014199831697460901,0.0018811658805875315,10.346310657367228,0.06333135169395168,-0.021974810033252416,-0.08298667743405974,-1.570797085733903,1.5769143999249249,-1.0,0.8614019117209866,0.7981358476871727,0,zero,0,0.08298667743405996,0.21074183326466667,1.564240958260273,1.4873405400799864,1.220588853379004,-0.3059007580562624,0.2874231542385493,1.5646847586251458,1.491025331026028,1.1492431546328787,-0.5843034990984155,0.029996640831157516,-0.006801321793211072,0.006058092125613237,-0.005195117255189203,0.021965332751786623,2.3679532633026854,-7.267862821540355,-15.246414043061359,1.0,-0.6372788548469543,7.589390067508361e-07,-4.541591951401358e-07,0.0,0.0,0.0,1,-0.014910239925913966,-4.5,9.0,9.0,-0.014910239925913966,-1.7624280979975697,2.55249047538121,3.462854991927646,-0.004791558758953817,0.002795007445276756,0.002340555364704942,0.022512838565233794,-0.13505931222041523,-0.3700548851452894,0.0,0.0,0.0,0.0,0.0,-0.027958447264042688,-30.0,30.0,30.0,51.961531748734785,-2.73757190200243,6.4475095246187895,5.537145008072354,-0.027958447264042688,-39.88433112422908,74.70738514540746,115.52411647183521,143.24027203536133,2.6399999999999877
0.0,0.0,0.0,0.0,0.0,0.0,0.0,0.0,0.0,0.0,0.0,0.0,0,0.0,-1.5707963267948966,nan,0.001906451569493864,-0.3209949113247582,-0.1419551264405308,0.12770758809795146,-1.5707975374584355,0.0021759394915669295,-0.3488036036928163,1.5770376977852323,-0.14804371612498018,0.3989755846024926,-0.003170932226674583,-0.3914298203688049,-0.07716319086040757,0.028468700695799588,0.0002694879220730656,-0.027808692368058108,-0.006088589684449391,0.012077449646801368,5.056874260793204e-05,-0.012054751101125204,0.0007383824640484126,1.9772606608143235,0.011759589455476793,-0.014226289042827057,-0.1378702472733382,-1.5707969071085934,1.5767396187565161,-1.0,0.861401911720968,0.7981358476871638,0,zero,0,0.1378702472733382,0.26557783537128987,1.564561467642283,1.4872678690280154,1.220653583139055,-0.3059562670657645,0.37971651296799863,1.5648594545115357,1.5062693582631919,1.1057994273300695,-0.6673867689947699,0.034143716236872526,-0.007741613557670311,0.006895631402130852,-0.0059133491105515705,0.014222703267781684,0.8390476530901019,-2.111418067955058,-3.24966604427406,1.0,-0.8859462141990662,5.803136966520128e-07,-6.303498421011966e-07,0.0,0.0,0.0,1,0.04213311899589053,-4.5,9.0,9.0,0.04213311899589053,-2.7166112670556974,4.820530987092474,5.562553772156101,-0.004791558758953817,0.0027950074452766957,0.002340555364704916,0.013182724378530394,-0.05869010846811658,-0.13231932343174946,0.0,0.0,0.0,0.0,0.0,0.07900453590078854,-30.0,30.0,30.0,51.96158428797849,-1.7833887329443026,4.179469012907526,3.437446227843899,0.07900453590078854,-34.51813121959365,60.871504034713105,87.09444904294861,111.72417232699755,2.6499999999999875
0.0,0.0,0.0,0.0,0.0,0.0,0.0,0.0,0.0,0.0,0.0,0.0,0,0.0,-1.5707963267948966,nan,0.0018926292691414672,-0.3250025701328157,-0.1434252080701891,0.12765369603739773,-1.5707975347001077,0.0020492256307838726,-0.3487950466607291,1.5766745757297924,-0.1480252120934699,0.428469619105983,-0.011289156043066016,0.4016215840144721,0.14885856611686066,0.0242335820457065,0.00015659636164240542,-0.023792476527913387,-0.004600004023280785,0.005551202914904382,-4.147513906953401e-05,-0.005349555419859934,0.0014820224104679647,-7.676281475730931,-0.044752664069721663,-0.009728299318728081,-0.10023823651497077,-1.5707969890474291,1.5766237339175178,-1.0,0.8614019117209679,0.7981358476871638,0,zero,0,0.10023823651497077,0.22789193255236828,1.5649245900858217,1.4871855360560422,1.2207269189911665,-0.3060191562300144,0.32578696564489684,1.5649753748526183,1.5024900396559249,1.122929711201023,-0.6164037929680936,0.03851804408423311,-0.008733431657782408,0.007779066358601718,-0.006670938808931164,0.009734548220477514,-1.1966607926842103,4.314592090114218,10.794343226203416,1.0,-0.6770754456520081,6.622525328126017e-07,-5.456526785962978e-07,0.0,0.0,0.0,1,0.09599295430203972,-2.620266615124726,6.702328822203615,9.0,0.09599295430203972,-3.048972742023008,5.8081364759199205,6.731760955576196,-0.004791558758953817,0.0027950074452766953,0.002340555364704916,-0.010228796317725664,0.05394246863096893,0.17516135479565642,0.0,0.0,0.0,0.0,0.0,0.17999803919377408,-17.468444100831505,22.34109607401205,30.0,41.28321102320198,0.42870612689828214,0.8941923462836945,2.2682390444238036,0.17999803919377408,-17.468444100831505,22.34109607401205,30.612677105135873,41.73055849050591,2.6599999999999873
0.0,0.0,0.0,0.0,0.0,0.0,0.0,0.0,0.0,0.0,0.0,0.0,0,0.0,-1.5707963267948966,nan,0.0019224572472550268,-0.3363310666799546,-0.14517133143377545,0.12759314774418073,-1.5707975316011409,0.001906869027117391,-0.3487853758930929,1.5762666042976505,-0.14800442213651618,1.1476309000298794,-0.017218458178004117,1.1338167314775105,0.17669133205400478,0.012772488555446982,-1.558822013763574e-05,-0.012454309213138282,-0.002833090702740737,0.004536306266277403,-0.00014218815748992465,0.003985354318887885,0.002162130435995696,-14.990093936300662,-0.08577937309642654,-0.012337906865287664,0.02503708070199595,-1.5707973304127318,1.5765158218358903,-0.24798210591588768,-0.8623412044902042,-0.7993010182682677,0,zero,0,-0.02503708070199595,0.102556067042185,1.5653325619536393,1.4870930340998658,1.2208093125889632,-0.30608981286460424,0.1339866999812561,1.565083379488911,1.4813029252547487,1.1973634550284995,-0.4378818463217998,0.04311240303135339,-0.009775138754545937,0.00870693857990991,-0.0074666356863603706,0.012344025694925875,-2.5490584122038564,8.997304803773519,21.438585758245146,1.0,-0.23133555054664612,1.0036178350603109e-06,-2.0118840904359558e-07,0.0,0.0,0.0,1,0.1538438826240997,0.2449134398572525,-9.0,-9.0,0.1538438826240997,-2.5404021466106297,3.0852037156914807,3.9856523110044044,-0.0011882208316650847,-0.0027980551866940147,-0.002343972259538423,-0.02142921977127517,0.14153544127460693,0.4303004495675029,0.0,0.0,0.0,0.0,0.0,0.28847530962703866,1.6327562657150168,-30.0,-30.0,42.45879309433437,2.785315586467882,-12.085203715691481,-12.985652311004404,0.28847530962703866,1.6327562657150168,-30.344149210962904,-41.697875226177786,51.596795450323924,2.669999999999987
0.0,0.0,0.0,0.0,0.0,0.0,0.0,0.0,0.0,0.0,0.0,0.0,0,0.0,-1.5707963267948966,nan,0.0019297412653490691,-0.3497186452167566,-0.1427514714931409,0.12752562198207062,-1.5707975281451094,0.0017481172173311845,-0.3487745197330179,1.5758116190119176,-0.14798123578079894,1.361211462246987,-0.016603582788024887,1.3398434696877015,-0.2396673584917297,0.005317404886627183,-0.0001816240480178846,0.0009441254837387336,-0.005229764287658034,0.011571588444910873,-0.00020511961917633295,0.011568717400344371,-0.00015608584558868092,-15.633202026452153,-0.08635915563479235,-0.026187065724556466,0.18422707388801807,-1.570797815644355,1.5763171335020054,0.8315654670367484,-0.8614019118754085,-0.7981358008484953,0,zero,0,-0.1842270738880183,-0.056701451905947664,1.5657875477248084,1.486989872393911,1.2209012010685134,-0.30616861183559474,0.12464129678646137,1.5652820311470113,1.4549400661441554,1.292849204023312,-0.2095689632452932,0.04791963768467527,-0.010865112461827078,0.009677802969799015,-0.008299200500460333,0.026183435256096687,-2.539147967011309,9.367138443799599,22.461431029929134,1.0,-0.12179532647132874,1.4888494583864542e-06,2.87499245743561e-07,0.0,0.0,0.0,1,0.1880940393245672,1.8481842114192437,-9.0,-9.0,0.1880940393245672,-1.4714422052160754,-0.6609753120544068,-0.19353966715125792,0.003984494797223453,-0.0027950074457778118,-0.00234055522734923,-0.02306796694766144,0.16119583724838069,0.4932423819088257,0.0,0.0,0.0,0.0,0.0,0.3526983673815248,12.321228076128293,-30.0,-30.0,44.18073174407964,3.319626416635319,-8.339024687945592,-8.806460332848742,0.3526983673815248,12.321228076128293,-72.32446545675367,-102.19969645737274,125.8075646256083,2.679999999999987
0.0,0.0,0.0,0.0,0.0,0.0,0.0,0.0,0.0,0.0,0.0,0.0,0,0.0,-1.5707963267948966,nan,0.0018493604830677433,-0.35936779789761364,-0.1369480501070958,0.1274508080855028,-1.5707975243161316,0.0015722431196878053,-0.3487624044975795,1.5753075266197982,-0.1479555461510365,1.1257504207028977,-0.00954933153620534,0.9661267916295402,-0.5777731756282684,0.015287777221033305,-0.000277117363379938,0.010605393400034135,-0.011007496043940718,0.014671166291345397,-0.0002000545498687872,0.01412831807374874,-0.003948889328959591,-10.53532619812423,-0.054278257607591744,-0.0457268539515771,0.31362913271338844,-1.5707982757736738,1.5759446196845417,1.0,-0.8614019117209849,-0.7981358476871728,0,zero,0,-0.31362913271338844,-0.18617832462788542,1.5662916406542085,1.4868755763216999,1.2210030071815166,-0.30625591567373067,0.3249666352388051,1.5656543667033203,1.4340261769118101,1.371042891260269,-0.0228871064021551,0.052932658598968285,-0.012001745346359578,0.010690227750872111,-0.00916740543044092,0.045718812022081244,-1.7305547885164396,6.465691910894414,15.270603142576359,1.0,-0.4545035660266876,1.9489787774773504e-06,7.514575424139025e-07,0.0,0.0,0.0,1,0.14618449022568222,2.1418183814647342,-9.0,-9.0,0.14618449022568222,-0.353196202873226,-3.556853830556266,-3.4634222573434092,0.004791558758953817,-0.0027950074452767503,-0.0023405553647049423,-0.018153493439477704,0.12241393007500424,0.37062215056098313,0.0,0.0,0.0,0.0,0.0,0.2741130512388566,14.278789209764895,-30.0,-30.0,44.765600177611354,2.49501458433796,-5.443146169443734,-5.536577742656591,0.2741130512388566,14.278789209764895,-80.36218958007352,-116.24571131227607,142.0390997995357,2.6899999999999866
0.0,0.0,0.0,0.0,0.0,0.0,0.0,0.0,0.0,0.0,0.0,0.0,0,0.0,-1.5707963267948966,nan,0.0016623595975614558,-0.3627014010933765,-0.13303871462112682,0.1273684058617086,-1.570797520098867,0.001378544853411256,-0.3487489541585791,1.5747523044331073,-0.1479272499338368,0.5124966148689137,-0.0006697380770261845,0.3347053534763278,-0.38810392687692596,0.020406366899454364,-0.00028381474415019987,0.013952446934797413,-0.014888535312709977,0.012744400227094338,-0.00013759110026989222,0.011629664592772988,-0.005210730015755088,-2.085879052594087,-0.009573628809155518,-0.06390965865440694,0.37005944244959244,-1.5707985123739352,1.5753814120405734,1.0,-0.8614019117209682,-0.798135847687164,0,zero,0,-0.37005944244959244,-0.2426910365878836,1.5668468634320072,1.4867496872663224,1.2211151394284931,-0.3063520746886568,0.4169956264449085,1.5662174480800488,1.4231631071950843,1.4088736574369602,0.060510899813546896,0.05814444227732979,-0.013183444927744805,0.011742794464591803,-0.01007003407710077,0.06390811159692321,-0.6336267030868856,1.841152826620451,3.2934271483180386,1.0,-0.7080124616622925,2.1855790386382523e-06,9.922750683344361e-07,0.0,0.0,0.0,1,0.06111745445956222,1.7421222866568407,-9.0,-9.0,0.06111745445956222,0.44875346154933715,-5.493535201705757,-5.563310478774546,0.004791558758953817,-0.0027950074452766966,-0.0023405553647049162,-0.010748409970419526,0.05137985821713517,0.13307603005015817,0.0,0.0,0.0,0.0,0.0,0.11460238976103923,11.614148577712271,-30.0,-30.0,43.98751619372154,1.2933688251075035,-3.5064647982942434,-3.4366895212254542,0.11460238976103923,11.614148577712271,-61.58153602124906,-87.54356225453444,107.66179662184193,2.6999999999999864
0.0,0.0,0.0,0.0,0.0,0.0,0.0,0.0,0.0,0.0,0.0,0.0,0,0.0,-1.5707963267948966,nan,0.0013872315024950096,-0.3591601879969046,-0.13471720551141741,0.12727812549284723,-1.570797515478508,0.001166345559479663,-0.34873409002642825,1.5741439996687858,-0.1478962473415798,0.3919370487597889,0.006292880113485319,-0.352634896432108,0.17094934825475916,0.016805935054347985,-0.00022088594301534667,0.010426097970476333,-0.013179041830162386,0.005874723246761017,-4.9686926041838926e-05,0.005392666030768047,-0.0023300338014748245,7.744817832889246,0.02995622541416968,-0.07744832516724347,0.3324506109999603,-1.5707983830717593,1.5746607973649878,1.0,-0.861401911720968,-0.7981358476871638,0,zero,0,-0.33245061099996054,-0.20517248550711287,1.5674551688431457,1.4866117624609085,1.2212379921919718,-0.30645742708313384,0.36656789836062215,1.5669381531447528,1.4242888722418163,1.3950524764050627,0.010206652401368498,0.0635480311711848,-0.0144086336784517,0.012834097971280186,-0.011005881462827247,0.0774564686839808,0.6358182919028923,-3.604964677182262,-10.7140221495727,1.0,-0.5439934730529785,2.056276862560935e-06,8.67593251463461e-07,0.0,0.0,0.0,1,-0.00906814495721413,0.6296753811955255,-8.117481631483903,-9.0,-0.00906814495721413,0.761780416062741,-6.531147734235404,-6.7333435661820635,0.004791558758953817,-0.0027950074452766957,-0.002340555364704916,0.00724950528073305,-0.04521793354766415,-0.17357874418980834,0.0,0.0,0.0,0.0,0.0,-0.017003834534434895,4.197835874636836,-27.058272104946347,-30.0,40.61738795720491,-0.1321050348672156,-1.5863338972484993,-2.2666564338179365,-0.017003834534434895,4.197835874636836,-27.058272104946347,-30.948331029621173,41.32277093788735,2.709999999999986
0.0,0.0,0.0,0.0,0.0,0.0,0.0,0.0,0.0,0.0,0.0,0.0,0,0.0,-1.5707963267948966,nan,0.0010621876581779416,-0.3488326292894236,-0.1400271225649963,0.1271796874381319,-1.5707975104407792,0.000934993222726781,-0.3487177304387486,1.5734807287894144,-0.1478624420763559,1.161399903595882,0.009369150756418601,-1.0311199119801329,0.5343722318802785,0.007837194141744138,-0.00012719443545116066,0.00011489885067500483,-0.0078353195113596,0.0038389086737070487,2.9284557439737734e-05,-0.0032732288271369817,0.002005576043175184,15.08105821282645,0.046011606453068274,-0.08315415921298758,0.20613304572177804,-1.5707979437794857,1.5738440479140006,0.5263025776364504,0.8139785324857272,0.7993010182682678,0,zero,0,-0.20613304572177782,-0.07895335828364614,1.5681184404268207,1.4864613748390993,1.2213719458696792,-0.30657229906725436,0.18231485801745645,1.5677551139491046,1.4387514454315862,1.329189006057647,-0.16751181001249038,0.06913653368028608,-0.015675749023816812,0.01396274645011887,-0.011973754031596473,0.0831611642693721,1.9653530747147205,-8.252893232383924,-21.368668557864137,1.0,-0.18637418746948242,1.6169845888924783e-06,4.333387062516181e-07,0.0,0.0,0.0,1,-0.03725722507212569,-1.476724062757377,5.216281950272017,9.0,-0.03725722507212569,0.44725095762756456,-4.4681222290675855,-3.9872955665977363,0.002521809725733905,0.002641131889349656,0.0023439722595384235,0.016685207620055986,-0.12748013638338557,-0.4286571939741817,0.0,0.0,0.0,0.0,0.0,-0.06986166336419594,-9.84482708504918,17.387606500906724,30.0,36.045171116487985,-1.9239750203849415,9.684404179339602,12.987295566597737,-0.06986166336419594,-9.84482708504918,17.387606500906724,41.078785619050905,45.68064129095435,2.719999999999986
0.0,0.0,0.0,0.0,0.0,0.0,0.0,0.0,0.0,0.0,0.0,0.0,0,0.0,-1.5707963267948966,nan,0.0007467935104720221,-0.33565024540896554,-0.14310116986564822,0.12707282233596406,-1.5707975049719296,0.0006838604952417253,-0.34869979045518873,1.572760676843732,-0.14782574129396048,1.3527138140822381,0.006426142022086388,-1.3164443896898192,0.31107480830473433,0.013878622469792837,-6.293301523029678e-05,-0.013049545046223188,-0.0047245714283122575,0.011456900134828321,6.225380315609002e-05,-0.010939087577009718,0.0034048565529157682,15.55434838151142,0.03470872494170203,-0.07971209125928504,0.04700605708041494,-1.5707974412379766,1.5730247461973137,-0.6885925567114012,0.861401889574879,0.7981358008484953,0,zero,0,-0.04700605708041472,0.08006676525554912,1.5688384931359682,1.4862981128855175,1.2215173670077284,-0.3066970049726587,0.09252578020047583,1.5685744938296666,1.4638626652448263,1.2353235193883316,-0.39539306549215647,0.07490312415271416,-0.016983243342044277,0.015127361399148977,-0.012972469648973311,0.07970777307705691,2.7461306778998336,-9.623186044822726,-22.431442472175817,1.0,-0.2328232377767563,1.114443080041383e-06,-6.373395322611941e-08,0.0,0.0,0.0,1,-0.016246068200135546,-4.33317958312915,9.0,9.0,-0.016246068200135546,-0.5695349549396289,-0.7209064883441099,0.1928245940353424,-0.0032994316964609174,0.0027950073734188522,0.00234055522734923,0.023377275660909663,-0.16208072294307216,-0.4925273087929162,0.0,0.0,0.0,0.0,0.0,-0.030463281830368547,-28.88786388752767,30.0,30.0,51.32747420237884,-3.763644628189521,9.72090648834411,8.807175405964658,-0.030463281830368547,-28.88786388752767,58.439038008662834,101.27149748011018,120.43897613828244,2.7299999999999858
0.0,0.0,0.0,0.0,0.0,0.0,0.0,0.0,0.0,0.0,0.0,0.0,0,0.0,-1.5707963267948966,nan,0.0004761988511565055,-0.3252300564408441,-0.14256881228432913,0.12695727090606201,-1.5707974990587308,0.00041234452106262776,-0.34868018155987374,1.571982096807148,-0.14778605556796995,1.0412242422106446,-9.213148635809818e-05,-1.0400580072806476,-0.049267185532855806,0.0240235732761451,-6.385433009387776e-05,-0.023450125119029663,-0.005217243283640816,0.014332997958225294,4.081608582987893e-05,-0.014201310441245707,0.0019380263850096767,10.352795632262453,0.015231432918419408,-0.07288931647623467,-0.08085172199908897,-1.5707970531354847,1.5722645184656079,-1.0,0.861401911720987,0.7981358476871729,0,zero,0,0.08085172199908897,0.20780899290515098,1.5696170739967465,1.48612158048624,1.2216746084338062,-0.3068318473667507,0.28412960867431786,1.5693346368234782,1.489993440876413,1.1505544886917387,-0.5818890996246345,0.08084104288487716,-0.018329583964205805,0.016326577635271105,-0.01400085760211136,0.07287949854347443,2.354272405134335,-7.2596306820306875,-15.258165112710898,1.0,-0.6201431751251221,7.263405881197116e-07,-4.459232458842166e-07,0.0,0.0,0.0,1,0.03594937489471883,-4.5,9.0,9.0,0.03594937489471883,-1.7620810446461224,2.54364204599748,3.4630949145757426,-0.004791558758953817,0.0027950074452767573,0.0023405553647049427,0.022410979871609872,-0.13489987454655927,-0.37029480779331925,0.0,0.0,0.0,0.0,0.0,0.06740929100828583,-30.0,30.0,30.0,51.96156795182873,-2.7379189553538774,6.45635795400252,5.536905085424257,0.06740929100828583,-39.84384061480301,74.64280717667064,115.39491685060824,143.0911306724591,2.7399999999999856
0.0,0.0,0.0,0.0,0.0,0.0,0.0,0.0,0.0,0.0,0.0,0.0,0,0.0,-1.5707963267948966,nan,0.0002464171192200737,-0.3213143918006908,-0.14176827885141216,0.12683278385159102,-1.5707974926884705,0.00011986676217552409,-0.3486588113728215,1.5711433089222608,-0.14774329885390394,0.3967831351617823,-0.006269602695067189,-0.38942944531010215,-0.07577767188509665,0.02798989390404631,-0.00012655035704454965,-0.027344419572130685,-0.005975020002491782,0.012068018990874127,-1.4560856400930622e-05,-0.01204242291603621,0.0007854429685759806,1.9810080916342454,0.001535982849895185,-0.06742810436842192,-0.1357839179166389,-1.5707968699149921,1.5715674048579158,-1.0,0.861401911720968,0.7981358476871638,0,zero,0,0.13578391791663869,0.2626167017682297,1.5704558627680196,1.4859313967792687,1.2218440093903633,-0.30697711716691356,0.37652535189141845,1.5700316629432756,1.5051275828394104,1.1071479503034989,-0.6650936919608654,0.08694359612151109,-0.01971325317424073,0.017559043294245392,-0.015057758599752976,0.06742441857371174,0.8298219973089391,-2.1105877254357805,-3.2617744147888663,1.0,-0.8652092218399048,5.431200955641202e-07,-6.22773478120564e-07,0.0,0.0,0.0,1,0.08671486269408249,-4.5,9.0,9.0,0.08671486269408249,-2.7157665986455135,4.814659499722576,5.562810662011827,-0.004791558758953817,0.0027950074452766957,0.002340555364704916,0.013112179296147749,-0.05865362814500175,-0.13257621328744018,0.0,0.0,0.0,0.0,0.0,0.16260053008453496,-30.0,30.0,30.0,51.961778635189,-1.7842334013544865,4.185340500277424,3.4371893379881726,0.16260053008453496,-34.52063600328027,60.87120751894796,86.97770162896542,111.63388927416045,2.7499999999999853
0.0,0.0,0.0,0.0,0.0,0.0,0.0,0.0,0.0,0.0,0.0,0.0,0,0.0,-1.5707963267948966,nan,3.4733882623676356e-05,-0.3253369502960546,-0.14319650924342436,0.1266991217612894,-1.5707974858489482,-0.000194127174176293,-0.34863558337157713,1.5702427000393724,-0.14769738845348854,0.4307197108482534,-0.010231069975541972,0.4045786496608139,0.14741407924276084,0.023730499241160958,-0.00022886105679996937,-0.023298633075522546,-0.004500879210064174,0.005530591421104278,-7.777671508122611e-05,-0.005321672208847529,0.0015037277517434017,-7.6758082031848875,-0.000869536718711781,-0.06512056667354221,-0.09817000738089621,-1.5707969474300891,1.570907145580745,-1.0,0.861401911720968,0.7981358476871638,0,zero,0,0.09817000738089643,0.22486912914218582,1.5713564726008409,1.4857271960050011,1.2220258956678027,-0.3071330937547261,0.3226548975945114,1.5706919581532974,1.5012774482309548,1.124254191631294,-0.6142236747040287,0.0932041560556796,-0.021132748208955963,0.018823419830691468,-0.016142024772229258,0.06512709474855503,-1.2025931706855773,4.310632904724292,10.783847986414521,1.0,-0.6584331393241882,6.206351925719389e-07,-5.384188588308803e-07,0.0,0.0,0.0,1,0.1292933442051083,-2.6271042110598555,6.722705280744756,9.0,0.1292933442051083,-3.049359128325614,5.8083939139630765,6.73199197272937,-0.004791558758953817,0.0027950074452766957,0.002340555364704916,-0.01027364805244273,0.05388760506995013,0.1749303376425012,0.0,0.0,0.0,0.0,0.0,0.242440172895384,-17.51402807373237,22.40901760248252,30.0,41.339618122489846,0.4222549172657586,0.9143113667816793,2.2680080272706302,0.242440172895384,-17.51402807373237,22.40901760248252,30.49614871569952,41.701068487550195,2.759999999999985
0.0,0.0,0.0,0.0,0.0,0.0,0.0,0.0,0.0,0.0,0.0,0.0,0,0.0,-1.5707963267948966,nan,-0.00019059108130211147,-0.33668058351693153,-0.14487312540092892,0.1265560550116045,-1.5707974785284742,-0.0005301677068494886,-0.3486103966242398,1.5692787229570013,-0.14764824497902668,1.149959006722219,-0.011071556874740773,1.136881996821426,0.1725759631966417,0.012253042141960671,-0.0003395766255473771,-0.011929813107308285,-0.0027751195780977567,0.004563968490215664,-0.0001254395092911807,0.00402430928279195,0.002149187778121023,-14.991303440974889,0.008390109743263414,-0.06977893991796233,0.027110541983532688,-1.570797284390575,1.5702338469761967,-0.2517275806977519,-0.8623472676925469,-0.7993010182682678,0,zero,0,-0.027110541983532688,0.09944551302807181,1.5723204506979354,1.485508627356703,1.222220579737667,-0.3073000450901782,0.13075791183883764,1.5713653535611283,1.480037579469106,1.1986425380927652,-0.4357946476426411,0.09961616082877403,-0.022586581258026005,0.02011838201808847,-0.017252519671460048,0.06978571594090043,-2.554292294428952,8.992862892720773,21.42987638655868,1.0,-0.2205289900302887,9.575956783081097e-07,-1.9413789908995227e-07,0.0,0.0,0.0,1,0.17269205441185964,0.23312997130942498,-9.0,-9.0,0.17269205441185964,-2.543456566924535,3.0879763101602906,3.98584040224798,-0.001206167494162567,-0.002798074860083938,-0.0023439722595384235,-0.021465128400774778,0.14146027123437385,0.43011235832393746,0.0,0.0,0.0,0.0,0.0,0.32381784063727664,1.5541998087295,-30.0,-30.0,42.45609962113065,2.7765865382339596,-12.08797631016029,-12.98584040224798,0.32381784063727664,1.5541998087295,-30.224028924114023,-41.822906772999445,51.6252636834724,2.769999999999985
0.0,0.0,0.0,0.0,0.0,0.0,0.0,0.0,0.0,0.0,0.0,0.0,0,0.0,-1.5707963267948966,nan,-0.00047204833854466396,-0.35007369410163847,-0.14237180978633057,0.12640336366881555,-1.570797470715861,-0.0008887614508157938,-0.348583145534973,1.5682498957624054,-0.14759579231789552,1.3642176778751691,-0.007713648672375277,1.3420361673973757,-0.24488629534671902,0.005448428978854629,-0.00041671311227112987,0.0014905485666654728,-0.005223982531564947,0.011611729104467531,-0.00013481206242578958,0.011609233651984567,-0.00019943048160182223,-15.63426938739471,0.020986390952739922,-0.08534324710583827,0.1863101072130502,-1.5707977643408046,1.5694508101009004,0.8283784020861851,-0.861401911876101,-0.7981358008484953,0,zero,0,-0.1863101072130502,-0.059906743544234864,1.5733492789731842,1.485275354830979,1.2224283608858288,-0.3074782278258871,0.12697601880721412,1.5721483607769828,1.4536116170246445,1.2940974203357798,-0.20756616262199326,0.10617311453051355,-0.024073279463992958,0.021442617948775042,-0.01838811827095394,0.08534039032484318,-2.546517952606651,9.365309254735765,22.453074773771274,1.0,-0.12433065474033356,1.4375459080895325e-06,2.9362494391449445e-07,0.0,0.0,0.0,1,0.19385514752218796,1.834961988574839,-9.0,-9.0,0.19385514752218796,-1.4774910867476505,-0.6585117806211451,-0.19336298132016183,0.003969223788244227,-0.0027950074457800587,-0.00234055522734923,-0.023115136697457905,0.16115428654786368,0.4930656960777349,0.0,0.0,0.0,0.0,0.0,0.36350112042412897,12.23307992383226,-30.0,-30.0,44.15631752634517,3.3124530753224892,-8.341488219378855,-8.806637018679838,0.36350112042412897,12.23307992383226,-72.18383824976875,-102.3345138315707,125.82781728656082,2.7799999999999847
0.0,0.0,0.0,0.0,0.0,0.0,0.0,0.0,0.0,0.0,0.0,0.0,0,0.0,-1.5707963267948966,nan,-0.000834765521460772,-0.3597209185402273,-0.13649396876574021,0.12624083739116698,-1.5707974624004177,-0.0012703913858163906,-0.34855371960302034,1.5671548011720906,-0.14753995759716684,1.1293080954350827,-0.0018912752084488706,0.9676650370541495,-0.5822006299861682,0.01571336918871487,-0.0004356258643556186,0.011167198937206968,-0.011045988831426629,0.014721752957940601,-0.000102302146837895,0.014165518038086609,-0.004007198914207793,-10.536143718873248,0.02438846445616886,-0.10629615009477633,0.3157193155429505,-1.5707982181676048,1.568477964267373,1.0,-0.8614019117209849,-0.7981358476871728,0,zero,0,-0.3157193155429505,-0.1894784781517833,1.574444374711107,1.4850270570782436,1.2226495253456777,-0.3076678874213128,0.3276341217539671,1.5731210357253795,1.4326004901022569,1.3723003425739135,-0.02096515899087779,0.11286858719894499,-0.025591384922266522,0.022794829033949342,-0.019547706965808265,0.10628868202016194,-1.7420214984377846,6.468675525355339,15.262825970276607,1.0,-0.46671006083488464,1.8913727082292553e-06,7.557671870550564e-07,0.0,0.0,0.0,1,0.14795497152867704,2.130845064346235,-9.0,-9.0,0.14795497152867704,-0.3613221763235482,-3.5551585795466822,-3.463254253456702,0.004791558758953817,-0.0027950074452767503,-0.0023405553647049423,-0.018227301810089972,0.12244467155320135,0.37045414667427873,0.0,0.0,0.0,0.0,0.0,0.2774329111732178,14.205633762308233,-30.0,-30.0,44.742340122182185,2.492167240669783,-5.444841420453318,-5.536745746543298,0.2774329111732178,14.205633762308233,-80.22901822785796,-116.3848192118823,142.0703998319056,2.7899999999999845
0.0,0.0,0.0,0.0,0.0,0.0,0.0,0.0,0.0,0.0,0.0,0.0,0,0.0,-1.5707963267948966,nan,-0.0012698117456317172,-0.3630558253267882,-0.13252757104822405,0.12606827533099385,-1.5707974535719529,-0.0016755170236420844,-0.34852200319616694,1.5659920858723313,-0.14748067114837163,0.5157573599483442,0.0029920586345251335,0.33666231934142976,-0.3907111268720953,0.020856456676582806,-0.00040570527801036724,0.014533822130621266,-0.014953100100147582,0.012801236302848538,-4.8169119952844836e-05,0.01166744414271385,-0.0052668850181015504,-2.086995230179819,0.00728638050866647,-0.1257400433864156,0.3721588375995264,-1.5707984485807978,1.5673006626992654,1.0,-0.8614019117209681,-0.7981358476871638,0,zero,0,-0.3721588375995264,-0.24609056226853276,1.5756070912263458,1.484763427253193,1.2228843464313097,-0.30786925825697437,0.4197021300786864,1.5742982157901393,1.4215946776736736,1.4101954608388192,0.0623636688762777,0.11969621482044285,-0.027139454681123963,0.024173730003669007,-0.020730183572709088,0.12573860717597524,-0.6497973033867996,1.8499682466036482,3.2871788896470826,1.0,-0.7240779399871826,2.121785901199047e-06,9.95008845094958e-07,0.0,0.0,0.0,1,0.06918344492844601,1.7355946833097857,-9.0,-9.0,0.06918344492844601,0.4402147654601521,-5.492518045840381,-5.563171301253236,0.004791558758953817,-0.002795007445276696,-0.002340555364704916,-0.01085487862196164,0.051503575659182455,0.13293685252884901,0.0,0.0,0.0,0.0,0.0,0.12972706718253518,11.570631222065238,-30.0,-30.0,43.976088229729925,1.2953799178496337,-3.507481954159619,-3.4368286987467638,0.12972706718253518,11.570631222065238,-61.48002448482326,-87.68895703263938,107.71742167409845,2.7999999999999843
0.0,0.0,0.0,0.0,0.0,0.0,0.0,0.0,0.0,0.0,0.0,0.0,0,0.0,-1.5707963267948966,nan,-0.0017420443565883807,-0.35952595694283124,-0.13417013268235004,0.12588548603685235,-1.570797444220765,-0.0021045745740361343,-0.34848787533952086,1.5647604598596836,-0.14741786647240618,0.3889773794417006,0.004317506056261363,-0.34957405273108866,0.17053663100914385,0.017247409202894706,-0.0003625302174477536,0.011038081603310379,-0.013247733790056143,0.005932234033304943,-3.3234907369001265e-06,0.005438177472140104,-0.002370150915409949,7.743473349143992,-0.03747706089296463,-0.14053251779962908,0.33456294492449135,-1.5707983145709579,1.5659530766190835,1.0,-0.861401911720968,-0.7981358476871638,0,zero,0,-0.33456294492449157,-0.20867745888763878,1.5768387185231474,1.484484172865277,1.223133084670716,-0.3080825637486656,0.36926342093195075,1.5756458915595213,1.422530544905762,1.3965016475378662,0.012009830091355055,0.1266496993297095,-0.028716060741710174,0.025578048906851215,-0.021934457329931257,0.1405401279499597,0.6149608959968491,-3.5894229735290493,-10.718026122254916,1.0,-0.5576845407485962,1.9877760610853556e-06,8.70350192805347e-07,0.0,0.0,0.0,1,0.01270593550218235,0.6285271897679029,-8.10035194979133,-9.0,0.01270593550218235,0.7545770177340755,-6.527307334081343,-6.733248651123145,0.004791558758953817,-0.0027950074452766957,-0.002340555364704916,0.007110182378045186,-0.04498901523977253,-0.17367365924872563,0.0,0.0,0.0,0.0,0.0,0.023825118136475434,4.190181265119353,-27.001173165971103,-30.0,40.57858473394026,-0.1260498279661726,-1.5730446157099873,-2.2667513488768547,0.023825118136475434,4.190181265119353,-27.001173165971103,-31.104555056090405,41.40187054043487,2.809999999999984
0.0,0.0,0.0,0.0,0.0,0.0,0.0,0.0,0.0,0.0,0.0,0.0,0,0.0,-1.5707963267948966,nan,-0.00220112607861709,-0.3492140533200545,-0.13946586950444248,0.1256922873556472,-1.5707974343376379,-0.0025579771092159804,-0.34845120952041375,1.5634586957815046,-0.14735148020459565,1.1590207427237667,0.0005679186848863392,-1.0275237803669623,0.536212308990297,0.00793045581508781,-0.0003568510305988902,0.0007628437996407555,-0.007885610700153173,0.003785049589312954,1.5676894476617832e-06,-0.003219009617128562,0.0019911240596059768,15.080500848953148,-0.09496262012370815,-0.1476315572849938,0.20825367993712596,-1.5707978718972802,1.5644961196293785,0.5305125700577382,0.814053632896846,0.7993010182682678,0,zero,0,-0.20825367993712618,-0.08256139258147854,1.5781404839548483,1.484189015629168,1.223395987938971,-0.30830801646167116,0.18471610062274646,1.577103052813665,1.4367613065858686,1.330833918292757,-0.16573640251941732,0.13372280860977484,-0.030319790058037616,0.02700652711127263,-0.02315944889733832,0.14763746904708497,1.940940563427113,-8.230967036828813,-21.370826318014483,1.0,-0.18933841586112976,1.5451023838153333e-06,4.375596422967476e-07,0.0,0.0,0.0,1,0.001495624196395027,-1.471698023023519,5.2171273594701955,9.0,0.001495624196395027,0.44291343984442977,-4.463554854748676,-3.9872448618272,0.002541982151795256,0.0026413755691063,0.0023439722595384235,0.016518158245932064,-0.1271407374205821,-0.42870789874471743,0.0,0.0,0.0,0.0,0.0,0.0028044706476561543,-9.811320153490128,17.39042453156732,30.0,36.03732615507809,-1.9146114628679487,9.680682214218871,12.9872448618272,0.0028044706476561543,-9.811320153490128,17.39042453156732,40.908509970874796,45.52136931645003,2.819999999999984
0.0,0.0,0.0,0.0,0.0,0.0,0.0,0.0,0.0,0.0,0.0,0.0,0,0.0,-1.5707963267948966,nan,-0.0026138791137526995,-0.3360393760921981,-0.14253546679470955,0.12548850633475772,-1.5707974239138387,-0.0030361147270231733,-0.34841187351015107,1.5620856282764652,-0.14728145207991544,1.3505506721054603,-0.006538458267158365,-1.3135341217593743,0.3139625414947278,0.013258255978738611,-0.00042223561327047387,-0.012372497417952988,-0.004745985285205895,0.011406747482546229,-4.2469429559112675e-05,-0.010883637790438494,0.0034144564610881674,15.555315216318771,-0.12089423703888054,-0.14588477715444625,0.04911955045172833,-1.5707973654074086,1.5630215363117885,-0.6834976564463013,0.8614018900750654,0.7981358008484953,0,zero,0,-0.04911955045172833,0.07636895588302917,1.579513552883356,1.4838776913152354,1.2236732915914212,-0.3085458182249821,0.08899253495801,1.5785777039648947,1.4616222762566748,1.2372076298415258,-0.39363585085958275,0.14090937649199672,-0.03194924453698636,0.028457919303569425,-0.02440409035638261,0.14587926325590872,2.7211446811750073,-9.598539270256232,-22.433179594872946,1.0,-0.2200212925672531,1.0386125119943301e-06,-5.8506429922999814e-08,0.0,0.0,0.0,1,0.035474875335272486,-4.322790047405975,9.0,9.0,0.035474875335272486,-0.5699561094213317,-0.7174974789906476,0.19286145182594994,-0.003275019182469682,0.0027950073750418166,0.00234055522734923,0.023201549302701092,-0.16168278706104935,-0.49256416658352303,0.0,0.0,0.0,0.0,0.0,0.06651954872543125,-28.81860031603983,30.0,30.0,51.28855768128027,-3.7528339379846427,9.717497478990648,8.80713854817405,0.06651954872543125,-28.81860031603983,58.38681257446396,101.08902020357245,120.24361121219653,2.8299999999999836
0.0,0.0,0.0,0.0,0.0,0.0,0.0,0.0,0.0,0.0,0.0,0.0,0,0.0,-1.5707963267948966,nan,-0.0029994532574641056,-0.325617109847991,-0.14199149741437292,0.12527397912416705,-1.570797412941114,-0.003539354712717843,-0.3483697292032765,1.5606401533150698,-0.14720772489837905,1.0391434184451813,-0.011766584198326336,-1.038012193733251,-0.04702421988002359,0.023349137249003404,-0.0005399014552537372,-0.022752619355285497,-0.005216227484006131,0.014286194859909195,-0.00010656823438325898,-0.01415079456707168,0.001959341702524325,10.354402237913906,-0.09530671255000303,-0.14087557516736315,-0.07875762427039712,-1.5707969720537525,1.5615890230496823,-1.0,0.8614019117209867,0.7981358476871728,0,zero,0,0.07875762427039712,0.20403160339456416,1.5809590293386333,1.483549949600015,1.223965218596874,-0.30879616024551204,0.2805904703654613,1.5800101230929116,1.4875148996200107,1.1526785844658038,-0.5801494476817426,0.14820330275606058,-0.03360304103830406,0.02993099348923729,-0.025667325210105185,0.14086491278801833,2.3315110149758613,-7.236583115631399,-15.259912962170759,1.0,-0.596798837184906,6.45258856124542e-07,-4.4088736128600203e-07,0.0,0.0,0.0,1,0.08891482672497109,-4.5,9.0,9.0,0.08891482672497109,-1.760621847304909,2.545851098023836,3.4631322214214775,-0.004791558758953817,0.0027950074452767564,0.0023405553647049423,0.02224767461142616,-0.1345149558834963,-0.37033211463905424,0.0,0.0,0.0,0.0,0.0,0.16672572046684997,-30.0,30.0,30.0,51.96179170761787,-2.739378152695091,6.454148901976164,5.5368677785785225,0.16672572046684997,-39.76724134303542,74.56129322718166,115.20604949795066,142.87505580098687,2.8399999999999834
0.0,0.0,0.0,0.0,0.0,0.0,0.0,0.0,0.0,0.0,0.0,0.0,0,0.0,-1.5707963267948966,nan,-0.0034095171265770136,-0.3216975375427858,-0.1411608371785175,0.1250485508785899,-1.5707974014116852,-0.004068041699449583,-0.3483246324749487,1.55912122754017,-0.14713024449059564,0.3948786179735217,-0.01186231176188322,-0.3874475576877423,-0.07531798280720203,0.02729596422178534,-0.0006585245728725694,-0.02662709493216292,-0.005969407312078151,0.012023375855941248,-0.00014986232920516363,-0.011995615925337233,0.0008026872537370347,1.98121414090796,-0.02098059296654158,-0.13714691499141674,-0.13370182494967242,-1.5707967832285976,1.5602024082699406,-1.0,0.861401911720968,0.7981358476871638,0,zero,0,0.13370182494967242,0.2587503758282623,1.5824779566781821,1.4832055539166809,1.2242719796707853,-0.30905922322231283,0.37294175126239637,1.581396645526361,1.5024426824189314,1.1094747547934902,-0.6633696953344361,0.15559855312997956,-0.035279811374605966,0.0314245309926314,-0.02694810838313584,0.1371430525747315,0.8107270011274341,-2.092561123794778,-3.2631593608555134,1.0,-0.8371857404708862,4.564337010570796e-07,-6.181830878304595e-07,0.0,0.0,0.0,1,0.13049481170875613,-4.5,9.0,9.0,0.13049481170875613,-2.7141670584377313,4.816031215706723,5.562842142317644,-0.004791558758953817,0.0027950074452766957,0.002340555364704916,0.012973072542031438,-0.05834052556317059,-0.13260769359325697,0.0,0.0,0.0,0.0,0.0,0.24469306527049717,-30.0,30.0,30.0,51.96210036840497,-1.7858329415622687,4.183968784293277,3.4371578576823563,0.24469306527049717,-34.46148044996552,60.79823842105681,86.78284669251065,111.42415260911353,2.849999999999983
0.0,0.0,0.0,0.0,0.0,0.0,0.0,0.0,0.0,0.0,0.0,0.0,0,0.0,-1.5707963267948966,nan,-0.003897111511700165,-0.32572062959817477,-0.14253542028941094,0.12481207565959584,-1.570797389318242,-0.004622497827444394,-0.348276433056963,1.5575278676074826,-0.14704895968350573,0.43242844666426145,-0.006686174287165968,0.4071291473374705,0.14558679179833556,0.023014397512005326,-0.0007253863157442291,-0.022555803458788215,-0.004513539394094795,0.005485459308735034,-0.0001442274490006121,-0.005273549402276818,0.0015030432370655286,-7.67840965968787,0.09181913082421284,-0.13643942130726466,-0.09607093186319182,-1.5707968557345788,1.5588364038633726,-1.0,0.8614019117209679,0.7981358476871638,0,zero,0,0.09607093186319204,0.22088300752278744,1.5840713182465258,1.4828442813055163,1.2245937734084498,-0.30933517746079076,0.31896760929961915,1.5827626883753463,1.4984278745244533,1.1267168611170124,-0.6125115039324592,0.1630891592900945,-0.0369782023113749,0.03293732645696644,-0.02824540622169312,0.13644663937049512,-1.2172037994035232,4.320927547855435,10.782682367232338,1.0,-0.6333839297294617,5.28939682276075e-07,-5.335836634756674e-07,0.0,0.0,0.0,1,0.15772415516498844,-2.622666110568282,6.713640670046641,9.0,0.15772415516498844,-3.047348803886871,5.807504828050831,6.732015813614326,-0.004791558758953817,0.0027950074452766953,0.002340555364704916,-0.010382499993841655,0.054083233506238594,0.17490649675754558,0.0,0.0,0.0,0.0,0.0,0.29575127538906515,-17.48444073712188,22.378802233488805,30.0,41.31106299906146,0.424682693318589,0.9061358419958099,2.2679841863856742,0.29575127538906515,-17.48444073712188,22.378802233488805,30.292735966300068,41.52413489088478,2.859999999999983
0.0,0.0,0.0,0.0,0.0,0.0,0.0,0.0,0.0,0.0,0.0,0.0,0,0.0,-1.5707963267948966,nan,-0.004502631131521553,-0.33706691820048923,-0.1441354228655359,0.12456441633773818,-1.570797376653945,-0.005203022901961969,-0.3482249744328874,1.555859149526106,-0.14696382226629182,1.1521673635419758,0.0024994545303812926,1.1397747226390031,0.16851399933388855,0.011532242222900843,-0.0007003917704404162,-0.011158056232398184,-0.00282839940075591,0.004595465531641054,-7.934816549141444e-05,0.004075585240175112,0.0021217003254939,-14.995483272247364,0.20021730918548913,-0.14250709721110416,0.029257590253330523,-1.5707971874698556,1.557442505784121,-0.2521608920075301,-0.8623441930164917,-0.7993010182682678,0,zero,0,-0.029257590253330523,0.09530682608440788,1.5857400380346927,1.4824659222643854,1.224930786418188,-0.30962418298692207,0.12684924701775926,1.58415669405039,1.4770669732070785,1.2011613112784778,-0.4340994331029961,0.17066921886107417,-0.038696875566961324,0.034468187844316635,-0.029558196493584342,0.14251531536892947,-2.5650251809910367,8.99584415142138,21.42763880373279,1.0,-0.20633898675441742,8.606749588579987e-07,-1.8918408928314534e-07,0.0,0.0,0.0,1,0.1823457342891488,0.23149325684185607,-9.0,-9.0,0.1823457342891488,-2.541779328053519,3.086322064071478,3.9858807829717007,-0.0012082437307642884,-0.0027980648836230674,-0.0023439722595384235,-0.021544209084198563,0.14152721026187523,0.4300719776002166,0.0,0.0,0.0,0.0,0.0,0.34191962176851454,1.5432883789457073,-30.0,-30.0,42.45584350885446,2.773272584895375,-12.086322064071478,-12.985880782971702,0.34191962176851454,1.5432883789457073,-30.184493112328788,-42.03332961089895,51.77260927049204,2.869999999999983
0.0,0.0,0.0,0.0,0.0,0.0,0.0,0.0,0.0,0.0,0.0,0.0,0,0.0,-1.5707963267948966,nan,-0.005212557163908601,-0.35045578140709016,-0.1415491585946864,0.1243054444946794,-1.5707973634124144,-0.005809894550099965,-0.34817009375272556,1.5541142079990362,-0.14687478695647518,1.3674100423165174,0.010305438424905184,1.3443743886762782,-0.24972289610328824,0.005826104826910159,-0.0005973373861913643,0.0022856876543645988,-0.005325628361788792,0.011661606618549432,1.5776223767392642e-05,0.011658917830247752,-0.0002499101120214701,-15.637887969368201,0.2324970937635529,-0.1590459492636445,0.18851259094467854,-1.5707976600718851,1.55592674320982,0.8271430421294559,-0.8614019118754894,-0.7981358008484953,0,zero,0,-0.18851259094467832,-0.06420714644999936,1.5874849813396992,1.482070280599205,1.2252831934545358,-0.3099263896614691,0.13003086770045152,1.5856724425739663,1.4505419764474665,1.2966271626510808,-0.2059035779577233,0.1783328954159149,-0.040434507812583266,0.036015936435615674,-0.03088546838820554,0.15904469492789625,-2.556301266116554,9.365864928397961,22.44917984969369,1.0,-0.12991832196712494,1.3332769883689366e-06,2.966594707665138e-07,0.0,0.0,0.0,1,0.18717668752001662,1.8275185340506934,-9.0,-9.0,0.18717668752001662,-1.4776539709903704,-0.6598446460845644,-0.19328705359887766,0.0039633044884231005,-0.002795007445778074,-0.00234055522734923,-0.023183078509992065,0.16116435720866498,0.49298976835645075,0.0,0.0,0.0,0.0,0.0,0.3509782252391086,12.18345689367129,-30.0,-30.0,44.142494351752916,3.305172505041064,-8.340155353915435,-8.806712946401122,0.3509782252391086,12.18345689367129,-72.07461871024859,-102.54405859390927,125.9309113074838,2.8799999999999826
0.0,0.0,0.0,0.0,0.0,0.0,0.0,0.0,0.0,0.0,0.0,0.0,0,0.0,-1.5707963267948966,nan,-0.005972965353145704,-0.3600924484146812,-0.13559609541752574,0.12403504032531565,-1.5707973495877314,-0.006443368376524128,-0.34811162176745636,1.5522922357636866,-0.14678181136619545,1.1329274422894762,0.012693436281293984,0.969513899286023,-0.5860087586880919,0.016397613467806223,-0.0004704030233784245,0.01198082664722483,-0.011185715948669711,0.014781466911608395,9.497230118750378e-05,0.014210886275333796,-0.004066135215473101,-10.539131153637188,0.17475431156109805,-0.18060266004713127,0.3179695620099554,-1.5707981046332085,1.5542128412071592,1.0,-0.8614019117209848,-0.7981358476871728,0,zero,0,-0.31796956200995563,-0.19393452168463998,1.589306955424034,1.4816571732744148,1.2256511575514328,-0.31024193729419614,0.3310762687430956,1.5873861887029574,1.4294233891376709,1.3748461119741846,-0.019346245078579558,0.18607441847594075,-0.04218979067232634,0.03757940683065678,-0.0322262225165415,0.18059633382158372,-1.7537274317911473,6.471490462393442,15.258342904377074,1.0,-0.4856519103050232,1.777838312122526e-06,7.550454768079362e-07,0.0,0.0,0.0,1,0.1369864386603885,2.12134283282094,-9.0,-9.0,0.1369864386603885,-0.3640220712638627,-3.5561146038506166,-3.4631598690802745,0.004791558758953817,-0.00279500744527675,-0.0023405553647049423,-0.018305197484736378,0.12247837116179365,0.3703597622978513,0.0,0.0,0.0,0.0,0.0,0.2568656265898903,14.142285552139601,-30.0,-30.0,44.72214463314992,2.4853649040848027,-5.443885396149383,-5.5368401309197255,0.2568656265898903,14.142285552139601,-80.0897532191397,-116.59076994440117,142.15430499115865,2.8899999999999824
0.0,0.0,0.0,0.0,0.0,0.0,0.0,0.0,0.0,0.0,0.0,0.0,0,0.0,-1.5707963267948966,nan,-0.006727539876200562,-0.3634208312437506,-0.1315733864375624,0.12375309253990285,-1.5707973351744318,-0.007103678118233574,-0.34804938278373565,1.5503924829324005,-0.1466848559686753,0.5188134859121897,0.009426478134541214,0.33906218127900956,-0.3925753582443209,0.021558743449602274,-0.0003761382420330124,0.015371448460014925,-0.01511146953111292,0.012865108877199438,0.0001259351645089338,0.011713607010917886,-0.005318512719765862,-2.0902205678986223,0.038681016373971436,-0.20049990140660204,0.374448163483297,-1.5707983266451606,1.552288710652934,1.0,-0.8614019117209682,-0.7981358476871638,0,zero,0,-0.37444816348329724,-0.25069507094339416,1.59120671017514,1.4812264302634497,1.2260348301554105,-0.3105709557580852,0.4232089420696841,1.5893102063159188,1.418279370554211,1.4127986886381312,0.0639409142266471,0.19388808351080355,-0.043961430723143756,0.03915744694809266,-0.033579470911165754,0.20049868842693336,-0.6651833257741095,1.8579394622514305,3.2833345562779805,1.0,-0.7483950257301331,1.9998502640561355e-06,9.914707286284852e-07,0.0,0.0,0.0,1,0.06686880803782634,1.7275478203445163,-9.0,-9.0,0.06686880803782634,0.435526517941429,-5.493232963057044,-5.563086374422009,0.004791558758953817,-0.0027950074452766966,-0.002340555364704916,-0.010956722882108048,0.05161393321425509,0.13285192569762228,0.0,0.0,0.0,0.0,0.0,0.1253868517491587,11.516985468963442,-30.0,-30.0,43.96199126694452,1.2920213024030873,-3.506767036942956,-3.436913625577991,0.1253868517491587,11.516985468963442,-61.35197263942078,-87.8969408421852,107.80813249619784,2.899999999999982
0.0,0.0,0.0,0.0,0.0,0.0,0.0,0.0,0.0,0.0,0.0,0.0,0,0.0,-1.5707963267948966,nan,-0.007418275801285753,-0.3598952708703804,-0.13318121634338062,0.12345949826618186,-1.5707973201675052,-0.007791035798478096,-0.3479831946390074,1.5484142563329717,-0.14658388406487607,0.385840268160141,0.0003378244840669502,-0.34593722286418993,0.17088018096174662,0.017935105581243872,-0.0003727599971923429,0.011912076231373026,-0.013402667721495454,0.005996018405363019,8.605662939672912e-05,0.00549310104176056,-0.002402222287590806,7.7397226847516665,-0.15948953635157231,-0.21579789442432937,0.33688065301426184,-1.57079818780356,1.5501891211212422,1.0,-0.8614019117209681,-0.7981358476871638,0,zero,0,-0.33688065301426207,-0.21342115474808,1.5931849387648984,1.4807778943992105,1.2264343512587812,-0.3109135651035519,0.37276696270770504,1.5914098828153977,1.4190337027223967,1.3992288941925832,0.013557941178862741,0.2017682519384827,-0.0457481494948563,0.040748918025435524,-0.034944237026240554,0.21580453654273837,0.5948144528145973,-3.573567381240329,-10.72011874158137,1.0,-0.5784199237823486,1.8610086636172696e-06,8.676360545578632e-07,0.0,0.0,0.0,1,0.027812895513910075,0.6243998909568513,-8.073308371800614,-9.0,0.027812895513910075,0.7492898322769251,-6.522651805034152,-6.733194703348794,0.004791558758953817,-0.002795007445276696,-0.002340555364704916,0.006976610306781382,-0.044761838644106614,-0.17372760702307627,0.0,0.0,0.0,0.0,0.0,0.05215243861599489,4.162665939712342,-26.911027906002047,-30.0,40.51584789388118,-0.1248899413200738,-1.5506565667664622,-2.2668052966512056,0.05215243861599489,4.162665939712342,-26.911027906002047,-31.32023197375201,41.50290184372357,2.909999999999982
0.0,0.0,0.0,0.0,0.0,0.0,0.0,0.0,0.0,0.0,0.0,0.0,0,0.0,-1.5707963267948966,nan,-0.007980894265994637,-0.3495907875752361,-0.13846366730665277,0.12315416295149961,-1.5707973045623855,-0.008505631879968523,-0.3479128686971899,1.5463569188491624,-0.1464788617503399,1.1566587320716306,-0.015197761678154356,-1.0234157353326834,0.5387473277808336,0.008205735999588072,-0.0005247376139738864,0.0016779188780461918,-0.008015194443687118,0.0037287383644351397,-4.386968071891481e-05,-0.003155120014278194,0.001986651186551185,15.077326716155119,-0.3441115144809715,-0.2236351338063486,0.21057838704805,-1.5707977430766342,1.5479739205935126,0.532259620443406,0.8145044909007101,0.7993010182682678,0,zero,0,-0.21057838704805,-0.0874242240965506,1.5952422783091122,1.4803114212245354,1.2268498495328268,-0.31126987567266157,0.18788866039673033,1.5936252731579503,1.4330345406030922,1.3337772129930157,-0.16419516845834323,0.20970935112528574,-0.047548683470152425,0.04235269461905715,-0.03631955573751698,0.22363910311490529,1.9163057616315815,-8.20570902284675,-21.370656351179584,1.0,-0.19530002772808075,1.4162817376650594e-06,4.385142489127247e-07,0.0,0.0,0.0,1,0.03734029588650686,-1.4697097203747038,5.225327934116284,9.0,0.03734029588650686,0.43883350618297845,-4.45582989181939,-3.987240074389493,0.002550353246373036,0.0026428384767924985,0.0023439722595384235,0.016351042590860346,-0.1267583266176961,-0.4287126861824241,0.0,0.0,0.0,0.0,0.0,0.07001743087663015,-9.798064802498025,17.417759780387613,30.0,36.046987836459586,-1.9085432265576823,9.681157825935674,12.987240074389494,0.07001743087663015,-9.798064802498025,17.417759780387613,40.680051987362255,45.32385643098303,2.9199999999999817
0.0,0.0,0.0,0.0,0.0,0.0,0.0,0.0,0.0,0.0,0.0,0.0,0,0.0,-1.5707963267948966,nan,-0.008434887107139757,-0.3364119695959226,-0.1415295195878582,0.1228370002649366,-1.5707972883549546,-0.009247635417532643,-0.3478382098650769,1.544219888761215,-0.1463697578822189,1.3486373999951038,-0.028801069641899886,-1.3104159147200478,0.3174956149326419,0.012435732115588745,-0.0008127483103928853,-0.011426240269154286,-0.004840238294360699,0.011354661083906236,-0.00022086268363855294,-0.010820368653915034,0.0034349920230946247,15.554272419043176,-0.38988948684287383,-0.2230303148867478,0.05142152120289012,-1.5707972333730247,1.5457321001585265,-0.680353194243736,0.8614018908917837,0.7981358008484953,0,zero,0,-0.05142152120289012,0.07141547906204648,1.597379310526989,1.4798268788426716,1.2272814424609875,-0.31163998821334493,0.08449413478669181,1.5958671421514825,1.4576367312204785,1.2404422962780721,-0.3920847607934596,0.21770587438584735,-0.049361784084588065,0.043967664604188716,-0.03770447334233475,0.22302273160523206,2.6949293861020145,-9.567603188127013,-22.43183205583494,1.0,-0.2037808895111084,9.065781281236696e-07,-5.498193011987951e-08,0.0,0.0,0.0,1,0.08659834218806088,-4.314136625995644,9.0,9.0,0.08659834218806088,-0.5711083410814998,-0.7108791738093675,0.19283587125745993,-0.003259952307060781,0.0027950073776918383,0.00234055522734923,0.02301840206093931,-0.16119010097207823,-0.49253858601503303,0.0,0.0,0.0,0.0,0.0,0.16238204048014415,-28.76091083997096,30.0,30.0,51.2563787276455,-3.7430282849141445,9.710879173809367,8.80716412874254,0.16238204048014415,-28.76091083997096,58.33375600175554,100.84512556340503,119.99909499426697,2.9299999999999815
0.0,0.0,0.0,0.0,0.0,0.0,0.0,0.0,0.0,0.0,0.0,0.0,0,0.0,-1.5707963267948966,nan,-0.008894617218753445,-0.3259721821261054,-0.14097470081809768,0.12250793199942955,-1.570797271541535,-0.010017194210394305,-0.3477590166295175,1.5420026390863768,-0.14625654404649574,1.037462874595649,-0.030982868124797454,-1.0360594234257836,-0.044160493403735956,0.022446028706000643,-0.0011225769916408598,-0.021786834503412122,-0.005281843228398059,0.01424014216722569,-0.0003531691751210049,-0.014095694195220424,0.0019920656694428504,10.355179922790159,-0.28248078459824455,-0.21931985726544126,-0.07649688245593644,-1.5707968343519472,1.5435207513583464,-1.0,0.8614019117209861,0.7981358476871728,0,zero,0,0.07649688245593644,0.19900481445536577,1.5995965624006239,1.4793241477677466,1.2277292364720496,-0.3120239939936141,0.2760159666586393,1.5980783803526335,1.483275647613545,1.1562233569379965,-0.5785831878226816,0.22575238098313036,-0.05118621772658683,0.045592729174920986,-0.03909804755962239,0.2193077749092284,2.307076716477862,-7.2063859042456615,-15.258341359421792,1.0,-0.566511869430542,5.075570506107852e-07,-4.3718958764316085e-07,0.0,0.0,0.0,1,0.14111706464556736,-4.5,9.0,9.0,0.14111706464556736,-1.7600954464610248,2.5503831240424857,3.463099721410959,-0.004791558758953817,0.0027950074452767542,0.0023405553647049423,0.022072859711111687,-0.13401317430819154,-0.3702996146285358,0.0,0.0,0.0,0.0,0.0,0.2646110344000888,-30.0,30.0,30.0,51.96219798083532,-2.739904553538975,6.449616875957514,5.536900278589041,0.2646110344000888,-39.69133076818633,74.45195502209305,114.95093706090687,142.5913156364771,2.9399999999999813
0.0,0.0,0.0,0.0,0.0,0.0,0.0,0.0,0.0,0.0,0.0,0.0,0,0.0,-1.5707963267948966,nan,-0.009488880725496905,-0.3220308798917369,-0.14011487396334524,0.1221668879738933,-1.570797254118886,-0.01081443495426919,-0.3476750811154029,1.5397046969194124,-0.14613919452538712,0.39334145934913306,-0.02029772371314239,-0.3857366720253885,-0.07424773336438262,0.02637564385275798,-0.0013255542287722837,-0.025644201223666008,-0.006024320562041885,0.011982184420003162,-0.0003701092247915016,-0.011947561490417194,0.0008315870786579178,1.981802407167824,-0.05837723781142251,-0.2167969273007724,-0.13146888583085414,-1.5707966392145034,1.5413433541880779,-1.0,0.861401911720968,0.7981358476871638,0,zero,0,0.13146888583085392,0.25363577380474744,1.6018945068344839,1.4788031207752386,1.2281933270733345,-0.3124219749157783,0.36827985623664616,1.6002556773050807,1.4979817407219134,1.113285662709343,-0.6617867927707128,0.23384349612842525,-0.05302076573743991,0.047226802844204226,-0.040499347529897166,0.21679278891318624,0.7902918831949597,-2.069030757715207,-3.2614009407066096,1.0,-0.8009756207466125,3.124196066295326e-07,-6.14904382523207e-07,0.0,0.0,0.0,1,0.17162700062151282,-4.5,9.0,9.0,0.17162700062151282,-2.713325205761149,4.818939365709502,5.562806430206389,-0.004791558758953817,0.0027950074452766957,0.002340555364704916,0.012823723254479048,-0.05792979769969706,-0.13257198148200225,0.0,0.0,0.0,0.0,0.0,0.3218207399615841,-30.0,30.0,30.0,51.96252080671866,-1.7866747942388508,4.181060634290498,3.437193569793611,0.3218207399615841,-34.397944515522845,60.68699661733248,86.51920083642833,111.13867835856246,2.949999999999981
0.0,0.0,0.0,0.0,0.0,0.0,0.0,0.0,0.0,0.0,0.0,0.0,0,0.0,-1.5707963267948966,nan,-0.01031421346425405,-0.326035277786242,-0.14143784260040418,0.12181380593534286,-1.5707972360842006,-0.01163946339348426,-0.3475861891644327,1.5373256427731241,-0.1460176862649356,0.434068374327258,3.0429954207301935e-05,0.4093289845475301,0.1444476897510455,0.022071996660861994,-0.0013252499292302107,-0.021550911378190707,-0.00457984366453143,0.005447537497484325,-0.00024610104676180524,-0.005226930041745712,0.0015146951508394997,-7.679236474399984,0.24288489154876344,-0.21713916564198146,-0.09381957202440372,-1.5707967063993744,1.5391757518851965,-1.0,0.861401911720968,0.7981358476871638,0,zero,0,0.09381957202440372,0.21563337795974657,1.6042735633148901,1.4782637027524492,1.2286737989838883,-0.31283400363065994,0.31415864472472965,1.6024233228100455,1.4937984457715234,1.1306938625077396,-0.6109125746028355,0.24197391098135004,-0.05486422441130605,0.04886881344384816,-0.04190745381526506,0.21714752569263313,-1.2314683912935125,4.3323785227562706,10.783986671732139,1.0,-0.6013377904891968,3.7960447762941385e-07,-5.296848262226206e-07,0.0,0.0,0.0,1,0.18093619096295105,-2.6180438835718887,6.696312067640401,9.0,0.18093619096295105,-3.0458468670833247,5.806027275493606,6.7319843962482535,-0.004791558758953817,0.0027950074452766957,0.002340555364704916,-0.01049089087720829,0.05431109842182046,0.17493791412361787,0.0,0.0,0.0,0.0,0.0,0.3392765628407108,-17.45362589047926,22.321040225468003,30.0,41.26709345299062,0.4278029835114361,0.8902847921467947,2.2680156037517465,0.3392765628407108,-17.45362589047926,22.321040225468003,30.019626575196085,41.28136361328294,2.959999999999981
0.0,0.0,0.0,0.0,0.0,0.0,0.0,0.0,0.0,0.0,0.0,0.0,0,0.0,-1.5707963267948966,nan,-0.011417036118247629,-0.3373638537652164,-0.142963705761633,0.12144863146101881,-1.5707972174351028,-0.012492364473354538,-0.34749212043458305,1.5348651099188693,-0.1458919988427819,1.1544128042719781,0.024992157412330115,1.1422644708824037,0.16515505833825384,0.010597783596875587,-0.0010753283551069096,-0.01012826666936667,-0.0029282930811488916,0.0046303872446441935,2.5425182809885646e-06,0.004123178900272913,0.0021071011668424185,-14.996112581735435,0.5074001130992033,-0.22403520513393205,0.03157620209923517,-1.5707970323964002,1.5369710625309962,-0.25292225026209714,-0.8623383480275346,-0.7993010182682678,0,zero,0,-0.031576202099235395,0.08987242936178363,1.6067340985695018,1.4777058105489738,1.2291707262676683,-0.31326014365181043,0.12176316849674693,1.6046281378494902,1.4723267220756568,1.2051847757973035,-0.4324976114169487,0.2501383826498509,-0.05671540499521166,0.05051770212452209,-0.04332145839942087,0.22404574566560104,-2.574395340568805,8.996785792567922,21.427084576214014,1.0,-0.1887979656457901,7.056015034478946e-07,-1.8503870258257393e-07,0.0,0.0,0.0,1,0.18412103453521397,0.22729026225859997,-9.0,-9.0,0.18412103453521397,-2.540849383496778,3.083298798899665,3.985882647176058,-0.0012118918235776608,-0.0027980459182743375,-0.0023439722595384235,-0.021614675581036927,0.14156780758024515,0.43007011339585943,0.0,0.0,0.0,0.0,0.0,0.34524851778588783,1.5152684150573332,-30.0,-30.0,42.454861145794645,2.768139645755378,-12.083298798899666,-12.985882647176059,0.34524851778588783,1.5152684150573332,-30.13912641249837,-42.31150326699919,51.971583432973674,2.9699999999999807
0.0,0.0,0.0,0.0,0.0,0.0,0.0,0.0,0.0,0.0,0.0,0.0,0,0.0,-1.5707963267948966,nan,-0.01268813789256837,-0.3507262645387607,-0.1402941425373372,0.12107131786050562,-1.5707971981696447,-0.013373202493061289,-0.34739264852015783,1.5323227837270772,-0.14576211443611897,1.3704910061709736,0.039026375461399115,1.346188268796955,-0.2539678817632868,0.006440576523278117,-0.0006850646004929184,0.0033336160186028807,-0.005467971898781759,0.011709120617289051,0.00026140818667803076,0.011702662048966238,-0.00028787559439206415,-15.63696742501776,0.5655987802702432,-0.24091260737223333,0.19091055207810914,-1.5707974958237707,1.534638415436299,0.8252988428841117,-0.8614019118743368,-0.7981358008484953,0,zero,0,-0.19091055207810914,-0.06983923421760352,1.609276427226799,1.4771293728271733,1.229684172466734,-0.31370044946972614,0.13412807460153875,1.6069607960708032,1.4457168455710485,1.3006371246037323,-0.204320789737702,0.25833173419020106,-0.058573133689050635,0.05217242335575475,-0.044740464687648036,0.24091388440003467,-2.564795512757158,9.36406680487615,22.446464338190296,1.0,-0.13892407715320587,1.1690288741483812e-06,2.976541262356136e-07,0.0,0.0,0.0,1,0.17075934678916616,1.81560066179291,-9.0,-9.0,0.17075934678916616,-1.4793828660956667,-0.6623091772845661,-0.19323782083258817,0.003954467899375816,-0.0027950074457743345,-0.00234055522734923,-0.023241239069274486,0.1611337393590315,0.49294053559016127,0.0,0.0,0.0,0.0,0.0,0.32019378734139536,12.104004411952733,-30.0,-30.0,44.12039717484446,3.2949835278885766,-8.337690822715434,-8.806762179167412,0.32019378734139536,12.104004411952733,-71.93411133741175,-102.81815392563138,126.06624686030753,2.9799999999999804
0.0,0.0,0.0,0.0,0.0,0.0,0.0,0.0,0.0,0.0,0.0,0.0,0,0.0,-1.5707963267948966,nan,-0.013949162253632698,-0.3603289215600857,-0.1342659962488901,0.1206818260778546,-1.5707971782863015,-0.014282021259297674,-0.3472875410922529,1.5296984010077688,-0.1456280177898218,1.1362418781531003,0.035220559482794164,0.9707764449229939,-0.5894049642149929,0.01729982465578826,-0.00033285900566497675,0.01304138046783282,-0.011362021540931688,0.014836059425277303,0.0004083531170771577,0.01424839966441446,-0.004114002188289016,-10.538335147408347,0.40790153951349506,-0.2624016249864826,0.3204321516010049,-1.5707979283554963,1.5321057738840265,1.0,-0.8614019117209849,-0.7981358476871728,0,zero,0,-0.3204321516010049,-0.19975032552315053,1.6119008124755663,1.4765343299126452,1.2302141907344335,-0.31415496666606413,0.33561305586295037,1.609493305166956,1.4244974909513917,1.3788578486805838,-0.017797821455196535,0.2665488546070021,-0.060436251645584575,0.05383194492593442,-0.046163587506818836,0.2623970751788838,-1.7653004113866573,6.473685229129991,15.25461114608377,1.0,-0.5114133358001709,1.6015605996955173e-06,7.500691947548432e-07,0.0,0.0,0.0,1,0.11625093544536476,2.107343743901043,-9.0,-9.0,0.11625093544536476,-0.3691949527077387,-3.5578728023301434,-3.463083373045952,0.004791558758953817,-0.0027950074452767503,-0.0023405553647049423,-0.018380056153680605,0.12249477810563655,0.37028326626352887,0.0,0.0,0.0,0.0,0.0,0.21798412796805694,14.048958292673621,-30.0,-30.0,44.69251331251498,2.476538696608782,-5.442127197669857,-5.5369166269540475,0.21798412796805694,14.048958292673621,-79.91499421109289,-116.85938550034435,142.2671537125363,2.9899999999999802
0.0,0.0,0.0,0.0,0.0,0.0,0.0,0.0,0.0,0.0,0.0,0.0,0,0.0,-1.5707963267948966,nan,-0.015075437670778537,-0.3636279524456174,-0.13018489177077291,0.12028012459370441,-1.5707971577839674,-0.015218844240960398,-0.34717656005942266,1.5269917493510747,-0.14548969618475327,0.5216283187547127,0.018945243548311626,0.34100119183619326,-0.3942782873048667,0.022470111593828602,-0.0001434065701818605,0.016451392386194752,-0.015304804413980355,0.012922974998344739,0.00039783291730328344,0.01175147565095544,-0.0053617004581340225,-2.092187965599317,0.08672673645979628,-0.2820878470130687,0.3769540104472038,-1.5707981400901314,1.529363756786568,1.0,-0.8614019117209681,-0.7981358476871638,0,zero,0,-0.37695401044720356,-0.25667388585349915,1.614607466724376,1.4759206336446953,1.2307608239685934,-0.31462373202785815,0.42782648873405205,1.6122352219527347,1.413205905293169,1.416877219944939,0.06545182218974965,0.274784698853183,-0.062303614970442595,0.055495247942308874,-0.047589953105394225,0.2820869871203023,-0.6822756902139421,1.8679539077483243,3.2796628522817306,1.0,-0.7808745503425598,1.8132952348537401e-06,9.823061639657737e-07,0.0,0.0,0.0,1,0.0562752701890257,1.7169073558493495,-9.0,-9.0,0.0562752701890257,0.4279813241092826,-5.494509425802989,-5.5630077060839,0.004791558758953817,-0.002795007445276696,-0.002340555364704916,-0.011067718825050027,0.051748176040898784,0.13277325735951245,0.0,0.0,0.0,0.0,0.0,0.10552272677484661,11.446049038995664,-30.0,-30.0,43.943408762281514,1.288926031740067,-3.505490574197011,-3.4369922939161004,0.10552272677484661,11.446049038995664,-61.20078538869538,-88.16591598573578,107.93418386890193,2.99999999999998
0.0,0.0,0.0,0.0,0.0,0.0,0.0,0.0,0.0,0.0,0.0,0.0,0,0.0,-1.5707963267948966,nan,-0.01598072536390682,-0.36008625468454447,-0.13175324891594595,0.11986618932740445,-1.5707971366619573,-0.01618367472518581,-0.3470594617482896,1.524202666467751,-0.14534713940623362,0.38286620627558327,-0.005954279109712975,-0.34245994499398913,0.17109139236926862,0.018829030280639432,-0.00020294936127899024,0.01302679293625486,-0.013593890490287669,0.006054834822525307,0.00022512830004187807,0.005541443094473922,-0.0024295576567129693,7.733311209905047,-0.3431611099278987,-0.29727094267225984,0.33940381418218024,-1.5707979968848453,1.526447489811112,1.0,-0.861401911720968,-0.7981358476871638,0,zero,0,-0.33940381418218024,-0.2195376248547758,1.617396552261071,1.4752882472268083,1.2313241049447075,-0.31510677366173445,0.37738805606245496,1.6151515708187176,1.4137495900334194,1.4034698591772337,0.01503794897891507,0.2830342878300005,-0.06417409472212143,0.057161326830985404,-0.049018699153423946,0.29727614989773177,0.5709697816919556,-3.55264235655983,-10.722593922729901,1.0,-0.6062548160552979,1.6700899490018628e-06,8.6022288803278e-07,0.0,0.0,0.0,1,0.03678680387036917,0.6207392998378556,-8.045834758331091,-9.0,0.03678680387036917,0.7416409194301258,-6.5183285908743,-6.733134647018131,0.004791558758953817,-0.0027950074452766957,-0.002340555364704916,0.006819878797750877,-0.04446235682004576,-0.17378766335373963,0.0,0.0,0.0,0.0,0.0,0.06897956847997219,4.138261998919037,-26.81944919443697,-30.0,40.45259973902235,-0.12090161959227019,-1.5275061674567914,-2.2668653529818688,0.06897956847997219,4.138261998919037,-26.81944919443697,-31.594160705145185,41.648575201417046,3.00999999999998
0.0,0.0,0.0,0.0,0.0,0.0,0.0,0.0,0.0,0.0,0.0,0.0,0,0.0,-1.5707963267948966,nan,-0.016586043623145082,-0.349772081622797,-0.13701537158300492,0.11944000353912987,-1.5707971149199964,-0.01717649597504138,-0.3469359971038049,1.521331039529702,-0.14520033971268315,1.1543705545296472,-0.03875029906173083,-1.0190708417262773,0.5408922360609442,0.008682494610569864,-0.0005904523518962985,0.002836084518992088,-0.008184968129678227,0.0036764055433907584,-0.00010805854273380686,-0.0030940341366193485,0.0019827339287586485,15.068033000742673,-0.7144253109978754,-0.30528943032331957,0.2130817093992694,-1.5707975521147812,1.523415242912028,0.5360070206116191,0.8147023709862712,0.7993010182682678,0,zero,0,-0.2130817093992694,-0.09364170586013953,1.6202681819122489,1.4746371450771203,1.2319040564491242,-0.3156041111081278,0.19214493025037616,1.6181839849649249,1.42747498299423,1.3383000947957597,-0.16272852824475778,0.29129270838703925,-0.06604657691198543,0.058829189336930814,-0.05044897474254648,0.3052905416347003,1.8867416939541704,-8.173112920383796,-21.37133145951726,1.0,-0.2049446851015091,1.225319884667897e-06,4.371947848191837e-07,0.0,0.0,0.0,1,0.06905826231713076,-1.463997754131785,5.2258158829397345,9.0,0.06905826231713076,0.4337483842166887,-4.449831490101353,-3.9872197713273034,0.0025683091344723425,0.0026434805421337634,0.0023439722595384235,0.01615035880803703,-0.12626122362401632,-0.4287329892446137,0.0,0.0,0.0,0.0,0.0,0.1294923351155649,-9.759985027545234,17.419386276465783,30.0,36.03760666652941,-1.8977461383484737,9.675647373041087,12.987219771327304,0.1294923351155649,-9.759985027545234,17.419386276465783,40.39628510984453,45.06183468221564,3.0199999999999796
0.0,0.0,0.0,0.0,0.0,0.0,0.0,0.0,0.0,0.0,0.0,0.0,0,0.0,-1.5707963267948966,nan,-0.01699372653595937,-0.3365748101041693,-0.14006940338657659,0.11900155773200582,-1.5707970925582202,-0.01819727138919857,-0.34680591190881355,1.5183768045104957,-0.14504929180441578,1.3468473439520676,-0.06130925013429003,-1.3067186323636348,0.3205079711839032,0.01144216994301704,-0.0012035448532391989,-0.01023110180464426,-0.0049798884178391956,0.011305840768155558,-0.00047991796404804816,-0.010755111683638607,0.003452432026142231,15.546783006220942,-0.7848538070622227,-0.3053251993876058,0.053863924627177706,-1.570797040411844,1.5203526830803236,-0.6747644429307835,0.8614018915529634,0.7981358008484953,0,zero,0,-0.053863924627177706,0.06513763310482812,1.6232224197027445,1.4739673126788888,1.2325006914122363,-0.31611575545549736,0.07881742481184235,1.621246564320958,1.4517698777775927,1.2453311584933444,-0.39062035563403674,0.29955511332221124,-0.06791996250426649,0.06049785652397137,-0.05187994038598904,0.30531460011905737,2.664121757613236,-9.529490195117278,-22.43194997789343,1.0,-0.1850968450307846,7.136169477561793e-07,-5.214637610606587e-08,0.0,0.0,0.0,1,0.13469544375246362,-4.299650206186116,9.0,9.0,0.13469544375246362,-0.5714279571151707,-0.7063620921703896,0.1928384333385858,-0.0032331734767555888,0.002795007379837181,0.00234055522734923,0.02280183376783204,-0.16057661009203353,-0.4925411480961589,0.0,0.0,0.0,0.0,0.0,0.2525697426447846,-28.66433470790744,30.0,30.0,51.20261590702029,-3.7282222490709453,9.706362092170389,8.807161566661414,0.2525697426447846,-28.66433470790744,58.2313620267873,100.54873719886683,119.67726580893883,3.0299999999999794
0.0,0.0,0.0,0.0,0.0,0.0,0.0,0.0,0.0,0.0,0.0,0.0,0,0.0,-1.5707963267948966,nan,-0.01745883711479142,-0.3261043373133676,-0.13949618952730233,0.1185508495542249,-1.5707970695771736,-0.019245944663924153,-0.34666894702255374,1.5153399455258834,-0.14489399279259288,1.0358406434050986,-0.058356269589353305,-1.0333507904541905,-0.041791484745135055,0.021336194739786717,-0.001787107549132732,-0.020564609709186166,-0.005397803265290546,0.014196440708682215,-0.0007077344993337484,-0.01403424076061776,0.002019437284640815,10.35184001228173,-0.5541357016622741,-0.30242544751294653,-0.07413387174354225,-1.570796635544197,1.51731397562918,-1.0,0.8614019117209857,0.7981358476871728,0,zero,0,0.07413387174354202,0.19268472129776715,1.6262592815151133,1.4732787464309647,1.2331140130416696,-0.3166417094545423,0.2701858118995517,1.6242851369687643,1.4771177469723658,1.1614790746443828,-0.5771223678167134,0.3078167213817567,-0.06979316741606416,0.06216636277479292,-0.053310768018567614,0.30241131117524234,2.279584177591835,-7.171838720776009,-15.258915552115168,1.0,-0.5302983522415161,3.0874930034840986e-07,-4.3403297667055085e-07,0.0,0.0,0.0,1,0.1901306246726352,-4.5,9.0,9.0,0.1901306246726352,-1.7580472551519404,2.5533150777454514,3.4631097935826753,-0.004791558758953817,0.002795007445276753,0.0023405553647049423,0.021874127777708006,-0.13342840089602434,-0.3703096868002518,0.0,0.0,0.0,0.0,0.0,0.35651720358641514,-30.0,30.0,30.0,51.96274727645232,-2.7419527448480596,6.446684922254549,5.536890206417325,0.35651720358641514,-39.57680328400248,74.28913189482344,114.64717734069025,142.22974672188388,3.039999999999979
0.0,0.0,0.0,0.0,0.0,0.0,0.0,0.0,0.0,0.0,0.0,0.0,0,0.0,-1.5707963267948966,nan,-0.018219086467482687,-0.32212758308320155,-0.1386013744831631,0.11808788370116696,-1.5707970459778036,-0.020322439957743937,-0.34652483863766853,1.5122204941743178,-0.14473444216832387,0.3915328777734464,-0.03162459411285186,-0.3832645845280813,-0.07352644198702352,0.025244102157251057,-0.0021033534902612505,-0.02439725555446698,-0.006133067685160781,0.011940347248371399,-0.0006814475445166281,-0.011890213450024653,0.0008546026963539861,1.982029018358772,-0.1120819138213042,-0.3006096388118848,-0.12915575350361275,-1.5707964334905833,1.5143022393038221,-1.0,0.861401911720968,0.7981358476871638,0,zero,0,0.12915575350361275,0.2472436372047797,1.6293787357491152,1.472571453498264,1.2337440149554701,-0.31718196763241807,0.362389053959327,1.627296761776943,1.491583370107583,1.1188236550791506,-0.6603340472219971,0.31607281726024317,-0.07166512251734551,0.06383375579094074,-0.054740640996686886,0.3006050955455066,0.7687891176528727,-2.045884055832155,-3.2622906161565712,1.0,-0.7575045228004456,1.0669568695220732e-07,-6.124872200530262e-07,0.0,0.0,0.0,1,0.20861947880453136,-4.5,9.0,9.0,0.20861947880453136,-2.7111594744163465,4.8208075866141,5.562825009991472,-0.004791558758953817,0.0027950074452766957,0.002340555364704916,0.012664051496649457,-0.057508395433805974,-0.1325905612670851,0.0,0.0,0.0,0.0,0.0,0.3911859718817389,-30.0,30.0,30.0,51.962996704045054,-1.7888405255836535,4.1791924133859,3.437174990008528,0.3911859718817389,-34.30674693851284,60.542391205238076,86.21098949486809,110.79179461720123,3.049999999999979
0.0,0.0,0.0,0.0,0.0,0.0,0.0,0.0,0.0,0.0,0.0,0.0,0,0.0,-1.5707963267948966,nan,-0.019427202566674896,-0.3260891915531106,-0.13986673726412802,0.117612671817517,-1.5707970217614573,-0.021426662059137486,-0.3463733185552751,1.5090185288774758,-0.14457064177190898,0.43555858203143055,0.01038939977986604,0.4113128552302503,0.14291631773798164,0.020918182619918464,-0.00199945949246259,-0.020284127002164476,-0.004703904507780965,0.005407775664630839,-0.00038435543364495704,-0.0051755631237034375,0.0015198206776334596,-7.662212617221331,0.456436688570266,-0.30149279272427426,-0.0915381601217291,-1.5707964950375222,1.5112945448093393,-1.0,0.861401911720968,0.7981358476871638,0,zero,0,0.0915381601217291,0.2091508319392461,1.6325807039811966,1.4718454516622381,1.2343906813152943,-0.31773651640695205,0.3082221392260993,1.6303045064071018,1.4872300815994037,1.136355402899426,-0.6095379958091928,0.3243187516005659,-0.07353477363094524,0.06549909659281963,-0.05616875409834031,0.301502752438592,-1.2452437129388638,4.336257487092374,10.766809147826734,1.0,-0.513377845287323,1.6824262560888315e-07,-5.267239351347541e-07,0.0,0.0,0.0,0,0.19877338351331333,-2.611675491508323,6.680369815288637,8.911603744704307,0.19877338351331333,-3.0430987284827267,5.804242258305724,6.7155901054468154,-0.004791558758953817,0.0027950074452766957,0.002340555364704916,-0.010598857708216565,0.054449192445557675,0.17470809433038273,0.0,0.0,0.0,0.0,0.0,0.3727233892992937,-17.41116994338882,22.267899384295458,29.70534581568102,41.00676376575944,0.43142323697440377,0.8761275569829134,2.196013639257491,0.3727233892992937,-17.41116994338882,22.267899384295458,29.70534581568102,41.00676376575944,3.0599999999999787
0.0,0.0,0.0,0.0,0.0,0.0,0.0,0.0,0.0,0.0,0.0,0.0,0,0.0,-1.5707963267948966,nan,-0.02112940220250339,-0.3373352226583198,-0.1413136953586905,0.11712523239938433,-1.5707969969298787,-0.02255849655763538,-0.34621411447760403,1.505734174220771,-0.14440259576221812,1.1533123784276587,0.05703651373306015,1.1405235182880225,0.16150041042533592,0.009508855678646927,-0.0014290943551319886,-0.008878891819284251,-0.0030889004035276058,0.0046427345372601625,0.00012378737993825857,0.004145777165385514,0.0020861908740583655,-14.942164005730525,0.9358229204080499,-0.30870277361210335,0.0336357645258869,-1.5707968143697912,1.5082456731662262,-0.25385093969486205,-0.8623326435727284,-0.7992637188569338,0,zero,0,-0.0336357645258869,0.08348946787349742,1.6358650616239756,1.4711007691713465,1.2350539869595967,-0.31830533420085955,0.11595731864416771,1.633353529498,1.4656605543552261,1.2107585488865458,-0.4315304537862159,0.33254994099394847,-0.07540108153256571,0.06716145951969399,-0.05759431352311013,0.3087165685609462,-2.58228781202085,8.98096886171893,21.37012137655055,1.0,-0.16964565217494965,4.875748946808756e-07,-1.8256008749162334e-07,0.0,0.0,0.0,1,0.17929663044589886,0.22352084629807736,-9.0,-9.0,0.17929663044589886,-2.53880146817197,3.080446363927189,3.9641459179638505,-0.0012163416935635734,-0.002798027408919485,-0.0023438628779869604,-0.02167456443507919,0.14135931683995495,0.4290383058191172,0.0,0.0,0.0,0.0,0.0,0.33620219472323054,1.4901389753205159,-30.0,-30.0,42.45389906806566,2.7623223144700475,-12.080446363927189,-12.964145917963851,0.33620219472323054,1.4901389753205159,-30.02868625664817,-42.54742907306927,52.09932115785748,3.0699999999999785
0.0,0.0,0.0,0.0,0.0,0.0,0.0,0.0,0.0,0.0,0.0,0.0,0,0.0,-1.5707963267948966,nan,-0.023076600811418733,-0.3505676402358359,-0.13857975953319163,0.11662559069642153,-1.5707969714852044,-0.023717810018698354,-0.3460469503176823,1.5023676002938777,-0.1442303105861992,1.3664977416537003,0.07878851478523678,1.3399581737437882,-0.25616506494799685,0.00726474457818312,-0.0006412092072796208,0.004520689918153631,-0.005650551053007574,0.011696272935624901,0.0006067078831952385,0.011676240355327903,-0.0003164131693093779,-15.554990723349658,1.023832150186154,-0.3253775146196554,0.19247979241645563,-1.5707972656466354,1.5050679914572673,0.8235042773792858,-0.8614019118729952,-0.7981358045521454,0,zero,0,-0.19247979241645563,-0.0758542017200341,1.6392316385857233,1.4703374445915265,1.2357338975368186,-0.3188883915559595,0.13819938090037615,1.6365312583807239,1.438972485888078,1.3060051382265394,-0.20412790652102253,0.3407618679799411,-0.0772630219507767,0.06881993222968755,-0.05901653689216722,0.32538236316781755,-2.573401733930832,9.342219835582572,22.357466656686345,1.0,-0.1509101241827011,9.388517385744422e-07,2.9416143121352434e-07,0.0,0.0,0.0,1,0.14697009590185928,1.8064893150991457,-9.0,-9.0,0.14697009590185928,-1.4797825732845569,-0.6644511967162806,-0.2096295855829413,0.00394586913331265,-0.0027950074457699812,-0.002340555238210286,-0.023297093228166706,0.16078014790178774,0.49117287975018337,0.0,0.0,0.0,0.0,0.0,0.27558615395060804,12.043262100660971,-30.0,-30.0,44.10347049556833,3.2862718883837028,-8.33554880328372,-8.790370414417058,0.27558615395060804,12.043262100660971,-71.64518664069055,-102.84347202473218,125.91635563593286,3.0799999999999783
0.0,0.0,0.0,0.0,0.0,0.0,0.0,0.0,0.0,0.0,0.0,0.0,0,0.0,-1.5707963267948966,nan,-0.024918726584129153,-0.3600181064411642,-0.13252726892682137,0.11611377861393946,-1.5707969454299626,-0.024904450162759217,-0.3458715465254982,1.4989190220312512,-0.14405379494850976,1.1296641821839761,0.06554856286495568,0.9625869997512415,-0.5875974968680808,0.018247908466243353,1.4276421369936038e-05,0.014146559915666046,-0.011526526021688382,0.014787016659903235,0.0008399756825073361,0.01417631647965076,-0.004120965132324521,-10.446662446385686,0.7230060718437383,-0.3462387187049611,0.32131207571100173,-1.570797681397167,1.5016939452534475,1.0,-0.8614019117209848,-0.7981358476871774,0,zero,0,-0.32131207571100173,-0.20519829709706228,1.6426802199298483,1.4695555266566656,1.2364303696385774,-0.3194856512473906,0.33914420466642736,1.6399052063331538,1.4176391934330181,1.3840304456239663,-0.018603609955324795,0.34895008104642294,-0.07911958556701577,0.07047361569978372,-0.06043465324827135,0.3462367206284964,-1.7788245540677,6.456606066929559,15.149433262550469,1.0,-0.5377702116966248,1.3546022703536664e-06,7.359672045126331e-07,0.0,0.0,0.0,1,0.08831329764007527,2.1004920230475688,-9.0,-9.0,0.08831329764007527,-0.37188601634823487,-3.5593000153072882,-3.4732184241644504,0.004791558758953817,-0.00279500744527675,-0.0023405553647049557,-0.018466808996308228,0.12219373744675627,0.3681118722878236,0.0,0.0,0.0,0.0,0.0,0.16559778293657468,14.003280153650458,-30.0,-30.0,44.67795068808925,2.4723780393958035,-5.440699984692712,-5.52678157583555,0.16559778293657468,14.003280153650458,-79.5580620932242,-116.70081720877502,141.93197405416643,3.089999999999978
0.0,0.0,0.0,0.0,0.0,0.0,0.0,0.0,0.0,0.0,0.0,0.0,0,0.0,-1.5707963267948966,nan,-0.026442069767089765,-0.3631654051082885,-0.12844491484368878,0.11558983461502592,-1.5707969187670652,-0.02611824604882525,-0.3456876204300596,1.4953886985526414,-0.14387305978126178,0.5139601941056856,0.030954729689457866,0.33312247625628677,-0.3901618915884614,0.023315348491365153,0.0003238237182645147,0.017477784678228914,-0.015428144937572996,0.012838886356585102,0.0007649947017789145,0.011651073124643054,-0.005338940065947324,-2.0059683820621963,0.14604328719838824,-0.36516608706051135,0.37703468092799364,-1.5707978788196637,1.4981169051856034,1.0,-0.8614019117209681,-0.798135847687164,0,zero,0,-0.37703468092799364,-0.2614448463129677,1.6462105465343797,1.4687550741190731,1.2371433509328542,-0.32009706839782714,0.4304181124930682,1.643482165148407,1.406180279036707,1.4219283569339263,0.06355799031336964,0.35711019462960003,-0.08096977801558797,0.0721216242258253,-0.061847903055770925,0.3651658094247713,-0.700982216592205,1.8591952930558824,3.169490533158476,1.0,-0.8088989853858948,1.5520247673705967e-06,9.600525983088914e-07,0.0,0.0,0.0,1,0.03927702686163323,1.7144985700748068,-9.0,-9.0,0.03927702686163323,0.42451304650487925,-5.495469200967698,-5.568409752797127,0.004791558758953817,-0.002795007445276696,-0.0023405553647049162,-0.011192064258133693,0.05157815059374985,0.13046020866893848,0.0,0.0,0.0,0.0,0.0,0.07364902842983917,11.429990467165378,-30.0,-30.0,43.93916369548788,1.2899855235699276,-3.5045307990323016,-3.431590247202873,0.07364902842983917,11.429990467165378,-60.86568006306609,-87.8939678167966,107.5203733921087,3.099999999999978
0.0,0.0,0.0,0.0,0.0,0.0,0.0,0.0,0.0,0.0,0.0,0.0,0,0.0,-1.5707963267948966,nan,-0.027526868145221588,-0.3594718781694009,-0.1299935731829818,0.11505380362266426,-1.5707968914998074,-0.02735900826302533,-0.345494886596721,1.4917769325036194,-0.14368811821387437,0.39096349858347434,-0.015596383606825831,-0.3500793105549016,0.17335999066804275,0.019568470404350977,0.0001678598821962564,0.013976991572679898,-0.013694545030892569,0.005944736157531995,0.0004053032378098986,0.005423920308113766,-0.002399313601703654,7.805046844441488,-0.5976309094530861,-0.3797134231241587,0.3386301784244714,-1.5707977307709453,1.4943721501692977,1.0,-0.861401911720968,-0.7981358476871638,0,zero,0,-0.3386301784244714,-0.22357637480180692,1.64982231575145,1.4679361555999504,1.237872780297183,-0.3207225905916947,0.37899226348992676,1.6472269948924128,1.4065105696559328,1.4085004424045255,0.012055861850877616,0.36523788911400634,-0.08281261988366592,0.07376308542251464,-0.0632555382006031,0.379716713958437,0.5478673975719783,-3.5490847935369336,-10.829111255770222,1.0,-0.6265751123428345,1.403976048752753e-06,8.392711379201501e-07,0.0,0.0,0.0,1,0.04020005608026624,0.6214842240315818,-7.960445814782574,-9.0,0.04020005608026624,0.7388124792456221,-6.502418690774764,-6.735481792207892,0.004791558758953817,-0.0027950074452766957,-0.002340555364704916,0.0066646420849760125,-0.04445654226818963,-0.17606615147016277,0.0,0.0,0.0,0.0,0.0,0.07537981638902352,4.143228160210545,-26.534819382608582,-30.0,40.26498058328031,-0.11732825521404033,-1.4580271240078098,-2.2645182077921078,0.07537981638902352,4.143228160210545,-26.534819382608582,-31.259185112321855,41.21171332592646,3.1099999999999777
0.0,0.0,0.0,0.0,0.0,0.0,0.0,0.0,0.0,0.0,0.0,0.0,0,0.0,-1.5707963267948966,nan,-0.028078220557937728,-0.34898730167397274,-0.1351773103831008,0.1145057369218474,-1.5707968636318648,-0.028626529112501273,-0.3452930571991252,1.4880840693960913,-0.14349898554302654,1.1623919982438513,-0.07161684367598016,-1.0282747097832334,0.5372869870966829,0.00912131361034552,-0.0005483085545635452,0.0036942444748475634,-0.00832167515992574,0.003796604837367042,-0.00020687731730935404,-0.0032334949519061042,0.0019788684803946546,15.124885835344237,-1.2167947352487407,-0.3874156727249471,0.2114248464776709,-1.5707972888571358,1.4905161532382196,0.5377200639336014,0.8171622665851627,0.7992954251826102,0,zero,0,-0.21142484647767112,-0.09691910955582372,1.6535151820667788,1.4670988494398627,1.2386185879518385,-0.3213621579893863,0.1927297722385835,1.6510831256205158,1.4199798685511837,1.3434849002177898,-0.16669571560342208,0.37332891083250386,-0.08464714671128996,0.07539714022341362,-0.06465682199029386,0.3874128840560195,1.8595177519827895,-8.14882024544786,-21.463055090594416,1.0,-0.2114952802658081,9.620622392070288e-07,4.252252709946447e-07,0.0,0.0,0.0,1,0.09565544765475728,-1.4625800390339267,5.283573287094942,9.0,0.09565544765475728,0.4321033601397393,-4.418030828053696,-3.987903326951387,0.002576517282206254,0.002651462212965871,0.002343955857660624,0.01596564602192092,-0.1259425820034483,-0.4307456676465618,0.0,0.0,0.0,0.0,0.0,0.17936517467608715,-9.750533593559512,17.61191095698314,30.0,36.128721051010395,-1.894683399173666,9.701604115148637,12.987903326951386,0.17936517467608715,-9.750533593559512,17.61191095698314,40.751012820345544,45.45249751846084,3.1199999999999775
0.0,0.0,0.0,0.0,0.0,0.0,0.0,0.0,0.0,0.0,0.0,0.0,0,0.0,-1.5707963267948966,nan,-0.02831380746169665,-0.3355970504505211,-0.13809492437479812,0.11394569206169614,-1.5707968351672859,-0.02992058282503848,-0.34508184240507583,1.4843104969488208,-0.14330567920270196,1.3582532109477454,-0.10584668087782849,-1.3179036429402324,0.3110920332021899,0.01094051970273589,-0.00160677536334183,-0.009484791954554761,-0.005210754827903841,0.01146647550391579,-0.0008420723810912814,-0.010922356294272267,0.00338719759799677,15.598242513828463,-1.3158904159775675,-0.38761434449904153,0.05132650845230491,-1.5707967780685113,1.4866310486628664,-0.6728626961960105,0.861401894376413,0.7981358005093154,0,zero,0,-0.05132650845230469,0.06261918360939145,1.6572887577591566,1.4662432435492112,1.2393806955930267,-0.32201570344147806,0.07756417547254044,1.6549682069637053,1.443980539509468,1.250896559325851,-0.39538172590464965,0.3813790720662818,-0.08647240899136789,0.07702294288094357,-0.06605102915395783,0.3875996562962077,2.6333821505464923,-9.483011152829338,-22.503278563739386,1.0,-0.1765824854373932,4.5127361492092177e-07,-5.70987745973639e-08,0.0,0.0,0.0,1,0.17745139093689713,-4.296639510745296,9.0,9.0,0.17745139093689713,-0.571707015009711,-0.6764444199905778,0.19288201518708692,-0.0032240611455312753,0.0027950073889984827,0.0023405552263545755,0.022591139938457565,-0.1598834397321214,-0.4941269263798634,0.0,0.0,0.0,0.0,0.0,0.3327421543913316,-28.64426340496864,30.0,30.0,51.19184059354122,-3.724932495735585,9.676444419990577,8.807117984812914,0.3327421543913316,-28.64426340496864,58.2398155928379,100.86181175037301,119.93992551777735,3.1299999999999772
0.0,0.0,0.0,0.0,0.0,0.0,0.0,0.0,0.0,0.0,0.0,0.0,0,0.0,-1.5707963267948966,nan,-0.028677937660744165,-0.3249224701401573,-0.13737159351888362,0.11337373275757545,-1.5707968061104918,-0.031240925754823803,-0.34486095077563605,1.4804566444279506,-0.1431082187343149,1.0510494255199507,-0.09562127307378085,-1.0453688680924,-0.05258703875274384,0.02090504214021291,-0.0025629880940796386,-0.01993848063547876,-0.005736625215431279,0.01440220416304264,-0.0011967386537613262,-0.014225519144924797,0.001904181295448084,10.407725561540841,-0.9185156777947578,-0.3850616658424821,-0.07751207086262957,-1.5707963688213125,1.4827678680879133,-1.0,0.8614019117209837,0.7981358476871723,0,zero,0,0.07751207086262957,0.1908858036202048,1.661142613559926,1.4653694352587028,1.2401590165260705,-0.3226831526029453,0.2697949344596641,1.658831217804278,1.4690072017387377,1.1675906498234827,-0.5824995549314178,0.38938425104485747,-0.08828747216967514,0.07863966096638535,-0.06743744584229845,0.3850448025812667,2.2467864268430513,-7.113692532107471,-15.315084300882402,1.0,-0.5186142325401306,4.2026416124940624e-08,-4.372891790893618e-07,0.0,0.0,0.0,1,0.23320458426882631,-4.5,9.0,9.0,0.23320458426882631,-1.7576308131682747,2.5745532874415034,3.4634737134828417,-0.004791558758953817,0.0027950074452767464,0.0023405553647049405,0.021646620130478,-0.13250178182689606,-0.37154415121852524,0.0,0.0,0.0,0.0,0.0,0.4372859258744165,-30.0,30.0,30.0,51.96336419999159,-2.7423691868317253,6.425446712558497,5.536526286517159,0.4372859258744165,-39.509564857377384,74.0922861061387,114.88509896624556,142.30056134505665,3.139999999999977
0.0,0.0,0.0,0.0,0.0,0.0,0.0,0.0,0.0,0.0,0.0,0.0,0,0.0,-1.5707963267948966,nan,-0.02954936471775472,-0.3207325175956655,-0.13636496484664098,0.11278992879320793,-1.57079677646627,-0.032587296594726284,-0.3446300896767074,1.4765229819875185,-0.14290662575691476,0.4067930572319205,-0.04749437828919269,-0.3959091445563112,-0.08050356948424986,0.024962297749260103,-0.0030379318769715655,-0.023897572081041873,-0.006541660910273778,0.012174675807938714,-0.001112485987676354,-0.012101655212559393,0.0007314691189421515,2.047187977483178,-0.18858921165593073,-0.38349736066851076,-0.1332889368621475,-1.5707961608852832,1.4789292464928545,-1.0,0.8614019117209679,0.7981358476871638,0,zero,0,0.13328893686214727,0.2460788656553552,1.665076279312468,1.4644775311698228,1.2409534557986013,-0.3233644240473782,0.36226110089990937,1.662669712257279,1.4831437807478183,1.1255084634483983,-0.6662220308292268,0.39734039194607584,-0.09009141664485477,0.08024647536987936,-0.0688153696276079,0.3834923379052176,0.7361314399890873,-1.9910473170394,-3.310772284569276,1.0,-0.7488358616828918,-1.6590961315898767e-07,-6.155809870733719e-07,0.0,0.0,0.0,1,0.23918481418966217,-4.5,9.0,9.0,0.23918481418966217,-2.7106157092380676,4.8346256814362585,5.5633835802998375,-0.004791558758953817,0.0027950074452766953,0.002340555364704916,0.012434217834211597,-0.05658793073846834,-0.1336359136516483,0.0,0.0,0.0,0.0,0.0,0.44849955782798084,-30.0,30.0,30.0,51.9634597756286,-1.7893842907619324,4.1653743185637415,3.4366164197001625,0.44849955782798084,-34.17976191360171,60.238098261285344,86.39375676098447,110.72925072326774,3.149999999999977
0.0,0.0,0.0,0.0,0.0,0.0,0.0,0.0,0.0,0.0,0.0,0.0,0,0.0,-1.5707963267948966,nan,-0.031149800214906334,-0.3244751895087409,-0.13759978266451586,0.11219435592279203,-1.5707967462397716,-0.03395941659547785,-0.3443889657023353,1.472510020009979,-0.14270092393745323,0.42423878257758946,0.022831549640005278,0.3983795887447461,0.1440519637336407,0.02074786901782948,-0.0028096163805715127,-0.019913776193594412,-0.005101141272937371,0.0056232401298212656,-0.0005884055851128325,-0.0054023446984315555,0.0014454342545992113,-7.593397207725918,0.7289199366108029,-0.38447193238692073,-0.09625421499801345,-1.5707962184321043,1.4750934142663683,-1.0,0.8614019117209679,0.7981358476871638,0,zero,0,0.09625421499801323,0.2084485709208055,1.6690892446316825,1.4635676470053058,1.2417639103337452,-0.32405942938119786,0.30827896814759853,1.6665056052947098,1.478483701794023,1.143492554087412,-0.61586329991922,0.4052435048961095,-0.09188333776841741,0.08184258030042546,-0.07018410950376705,0.3844840628819302,-1.2738547784563354,4.373162224017678,10.727610094831475,1.0,-0.5090482234954834,-1.0836279251691394e-07,-5.278076673498333e-07,0.0,0.0,0.0,0,0.20998473302577458,-2.5861763315336477,6.596764150290015,8.958918335762462,0.20998473302577458,-3.0383145615405858,5.796753928578011,6.725103066152951,-0.004791558758953817,0.0027950074452766953,0.002340555364704916,-0.010807765904401575,0.05512553334372944,0.17382296428036198,0.0,0.0,0.0,0.0,0.0,0.39374598354729906,-17.241175543557652,21.989213834300052,29.863061119208208,40.899157870101284,0.4521382300069381,0.8000102217120046,2.2338152696095106,0.39374598354729906,-17.241175543557652,21.989213834300052,29.863061119208208,40.899157870101284,3.1599999999999766
0.0,0.0,0.0,0.0,0.0,0.0,0.0,0.0,0.0,0.0,0.0,0.0,0,0.0,-1.5707963267948966,nan,-0.033524426070576874,-0.3355326036150145,-0.13912023514827057,0.1115870957731171,-1.5707967154365075,-0.03535698979213311,-0.3441372851089518,1.4684183084467262,-0.14249113896111315,1.1482333233825652,0.0977052659015279,1.130909469965713,0.17302374600947912,0.00942134947452367,-0.0018325637215562338,-0.008604681493937283,-0.0033709038128425795,0.0044704621608702595,0.00025864028620979683,0.003930876143094729,0.0021133740515514093,-14.882334071144081,1.4868549760681304,-0.3915490335658317,0.028642610490489107,-1.5707965324717497,1.4712167610102562,-0.24562309751225236,-0.8623035426912701,-0.7992839506489392,0,zero,0,-0.028642610490488885,0.08294448528262777,1.6731809595634735,1.4626399074596068,1.242590269063313,-0.32476807335787217,0.11616361951368559,1.670382446836617,1.4566725863829217,1.2181335764448458,-0.43813657026230984,0.41308966596945895,-0.0936623458447413,0.08342718328588306,-0.0715429858862456,0.39156710148735013,-2.6033578149533376,8.997380156454723,21.350445595867335,1.0,-0.16847562789916992,2.0567685332650854e-07,-1.8296475801093948e-07,0.0,0.0,0.0,1,0.16808595698027046,0.24778664673178577,-9.0,-9.0,0.16808595698027046,-2.5282167045075536,3.065251388301393,3.9766908458971533,-0.0011769175042862002,-0.002797932984726511,-0.002343922208274471,-0.021832770800736118,0.14167783899361772,0.42853102199459897,0.0,0.0,0.0,0.0,0.0,0.315180868142266,1.6519109782119052,-30.0,-30.0,42.459723843421074,2.7760033512393396,-12.065251388301393,-12.976690845897153,0.315180868142266,1.6519109782119052,-30.166468106386432,-42.427323164679265,52.08571491103236,3.1699999999999764
0.0,0.0,0.0,0.0,0.0,0.0,0.0,0.0,0.0,0.0,0.0,0.0,0,0.0,-1.5707963267948966,nan,-0.03624283838879818,-0.3486329046760881,-0.1365150789060074,0.11096823574567671,-1.570796684062341,-0.03677970323817834,-0.34387475425974356,1.4642484361586092,-0.14227729850168397,1.363680693575425,0.12956988721760723,1.3362831910281814,-0.2391315782833997,0.00749208875547125,-0.0005368648493801614,0.004758150416344531,-0.0057622195956765765,0.011556641491969558,0.0010343953467997161,0.011508769526145204,-0.0001849671173559872,-15.51279113533393,1.6125649894208796,-0.40759316006166285,0.18748372325882778,-1.5707969711985932,1.467214806486754,0.8282659820640692,-0.8614019118665214,-0.7981358026198031,0,zero,0,-0.18748372325882778,-0.07651548751315129,1.6773508352442312,1.4616944460493726,1.2434324130609884,-0.3254902539921316,0.1381554256677275,1.6743844980826947,1.4298193944850919,1.313485672849945,-0.21079655597000635,0.42087501718895226,-0.09542756613107223,0.08499950517297103,-0.07289133061210191,0.4076025606679966,-2.5869649177916023,9.350330255387007,22.35974456445905,1.0,-0.15369997918605804,6.444036966257727e-07,2.8713625210841087e-07,0.0,0.0,0.0,1,0.11747400677824121,1.8183918797983092,-9.0,-9.0,0.11747400677824121,-1.4665159240214563,-0.6769382383918673,-0.19995538225187148,0.0039686851211025755,-0.0027950074457489755,-0.0023405552325436387,-0.02340198863038037,0.16092557687735398,0.49113641618773723,0.0,0.0,0.0,0.0,0.0,0.2202775300548307,12.122612531988729,-30.0,-30.0,44.124893844529275,3.2849078038197654,-8.323061761608132,-8.800044617748128,0.2202775300548307,12.122612531988729,-71.63516450356315,-102.81778386165317,125.89717919185146,3.179999999999976
0.0,0.0,0.0,0.0,0.0,0.0,0.0,0.0,0.0,0.0,0.0,0.0,0,0.0,-1.5707963267948966,nan,-0.03873290148417759,-0.3579945542346132,-0.13056933823312988,0.11033786891878594,-1.5707966521234893,-0.038227227247639585,-0.3436010800783239,1.4600010302564566,-0.14205943219197975,1.1257659438778014,0.10425390859181635,0.9635323739944746,-0.5727874363173291,0.018424170643599233,0.0005056742365380021,0.014393474156289277,-0.011490093958849867,0.014676224650131945,0.0013821766640959474,0.014071157873584907,-0.003934929954525062,-10.427584443062749,1.1281403321086392,-0.42741947287811705,0.31645823779846083,-1.5707973691095993,1.463024295965863,1.0,-0.8614019117209847,-0.798135847687175,0,zero,0,-0.31645823779846083,-0.20612036887967466,1.6815982445603157,1.460731404963913,1.2442902156755165,-0.3262258626741852,0.33924446099095934,1.6785749548776343,1.4083882210504606,1.3915825126156665,-0.025156378347994654,0.42859576652574494,-0.09717813883752356,0.08655878012726771,-0.07422848693998313,0.42742059804942517,-1.78644736027775,6.46367912272431,15.165664001707615,1.0,-0.5420194864273071,1.0423147029925417e-06,7.169861100386754e-07,0.0,0.0,0.0,1,0.05514481505409694,2.0980445487432235,-9.0,-9.0,0.05514481505409694,-0.3606799572746676,-3.5680073093215676,-3.4669799745562084,0.004791558758953817,-0.00279500744527675,-0.0023405553647049488,-0.01852678536360604,0.12230772804155315,0.36841541294114255,0.0,0.0,0.0,0.0,0.0,0.10340299091336386,13.986963658288158,-30.0,-30.0,44.672652087790844,2.4587245060178913,-5.431992690678433,-5.533020025443792,0.10340299091336386,13.986963658288158,-79.48718451366312,-116.78797786477521,141.96228414691402,3.189999999999976
0.0,0.0,0.0,0.0,0.0,0.0,0.0,0.0,0.0,0.0,0.0,0.0,0,0.0,-1.5707963267948966,nan,-0.04066668741653922,-0.36106342888792253,-0.126524536462313,0.10969609394969448,-1.570796619626512,-0.03969921564554079,-0.3433159705108494,1.4556767554415937,-0.14183757159428734,0.5106598312895905,0.04617975344604272,0.33539842207838677,-0.38229411731244833,0.023460548276344764,0.0009674717709984293,0.017747458377073144,-0.01531303513197435,0.012752759193199384,0.001227144230597794,0.011596237412211094,-0.005162776574351992,-2.0129744381354255,0.2267108942900373,-0.44518331511727155,0.37234187139804553,-1.5707975534051093,1.458641250991736,1.0,-0.8614019117209682,-0.7981358476871638,0,zero,0,-0.37234187139804575,-0.26264577744835105,1.685922522807541,1.4597509349156732,1.2451635426638925,-0.32697478428393634,0.4307532006876176,1.6829579407011095,1.3968713011036942,1.4295623950341816,0.05719021418905437,0.436248187899321,-0.0989132191270764,0.08810425563321113,-0.07555380955012521,0.44518364854441544,-0.706095250460676,1.8685653004956897,3.1881705301328234,1.0,-0.8135980367660522,1.226610212512469e-06,9.337785975560564e-07,0.0,0.0,0.0,1,0.016940758350731198,1.7032388253267006,-9.0,-9.0,0.016940758350731198,0.43043178848702063,-5.501239349514812,-5.564703689560616,0.004791558758953817,-0.0027950074452766966,-0.002340555364704916,-0.011229054716985199,0.05171866898641653,0.13085899718464192,0.0,0.0,0.0,0.0,0.0,0.031765907276825794,11.354925502178004,-30.0,-30.0,43.91964642654671,1.27280703683968,-3.4987606504851883,-3.4352963104393837,0.031765907276825794,11.354925502178004,-60.775466392679476,-88.05782035642149,107.59541060567773,3.1999999999999758
0.0,0.0,0.0,0.0,0.0,0.0,0.0,0.0,0.0,0.0,0.0,0.0,0,0.0,-1.5707963267948966,nan,-0.04188442285900714,-0.35728219010551376,-0.12802514208682608,0.10904301497670188,-1.570796586578313,-0.041195306027034376,-0.3430191349957211,1.4512763133463653,-0.14161175017083905,0.389860205112649,-0.027835493902566427,-0.34844032672805003,0.17264270479613875,0.019710543937234624,0.000689116831972765,0.014263055109792644,-0.013586608084012963,0.005896642338476766,0.0006314086748704102,0.005398335008326548,-0.002286852223273541,7.769245412901094,-0.9107446961616597,-0.458690230784578,0.3340310464136833,-1.5707974050631075,1.4541011064418627,1.0,-0.861401911720968,-0.7981358476871638,0,zero,0,-0.3340310464136831,-0.22498803143698165,1.6903229683506564,1.458753194990703,1.2460522523245505,-0.32773689730519884,0.37955478675425763,1.6874981477220405,1.3971449675467253,1.4162668967754874,0.005857553581110696,0.44382862117749144,-0.10063197711557925,0.08963519249409858,-0.0768666645443527,0.45869111505704213,0.5413385564465869,-3.5322641679588447,-10.81337000720336,1.0,-0.630929172039032,1.0782682107191022e-06,8.184847946068885e-07,0.0,0.0,0.0,1,0.03763466403052863,0.6074871831248033,-7.936091947248325,-9.0,0.03763466403052863,0.7388263250954742,-6.501510079586618,-6.7333626691799555,0.004791558758953817,-0.0027950074452766957,-0.002340555364704916,0.006623016822575258,-0.04421753810836729,-0.17572287799098887,0.0,0.0,0.0,0.0,0.0,0.07056940564509401,4.049914554165356,-26.453639824161087,-30.0,40.20201298297754,-0.13133914197067087,-1.4345818676617075,-2.2666373308200445,0.07056940564509401,4.049914554165356,-26.453639824161087,-31.44535862340782,41.291796120273375,3.2099999999999755
0.0,0.0,0.0,0.0,0.0,0.0,0.0,0.0,0.0,0.0,0.0,0.0,0,0.0,-1.5707963267948966,nan,-0.042277541208366416,-0.3467069423217523,-0.13307898644754645,0.10837874152127114,-1.5707965529861299,-0.0427151200255244,-0.34271028493998207,1.4468004418746558,-0.14138200325429914,1.1601064700313268,-0.11266956491307462,-1.0266397728022403,0.5283591277260274,0.009225228102421183,-0.00043757881715798114,0.003996657381770241,-0.008303016806752689,0.003818525308571234,-0.0003296079486522316,-0.0032396413601338903,0.0019942963646595105,15.066166123116144,-1.8370721012170885,-0.46566850730902576,0.20682116895107727,-1.5707969712732952,1.4494584982734195,0.5307448480682156,0.8176507645939112,0.799298416412576,0,zero,0,-0.20682116895107727,-0.09844242742980613,1.694798843282832,1.4577383524991308,1.2469561956305517,-0.32851207393991266,0.19347010755172328,1.692140846224018,1.4105266204438718,1.351499169048559,-0.17273840275965519,0.4513334721763954,-0.10233359787174837,0.09115086483208704,-0.07816642944607904,0.465661012039713,1.849101760583638,-8.118227749821685,-21.446879713562538,1.0,-0.21353992819786072,6.444783986481184e-07,4.1828716534908494e-07,0.0,0.0,0.0,1,0.11534273078006119,-1.4759259631519264,5.288723389098836,9.0,0.11534273078006119,0.4274346837672673,-4.413668309762064,-3.986798287723884,0.0025430951255308713,0.002653047251903998,0.002343964629524917,0.01589873276957841,-0.1254939386701619,-0.4304149022334699,0.0,0.0,0.0,0.0,0.0,0.2162811377837262,-9.839506421012842,17.629077963662787,30.0,36.161402821082795,-1.9033606469191937,9.7023916988609,12.986798287723884,0.2162811377837262,-9.839506421012842,17.629077963662787,40.5672065479144,45.313853302160965,3.2199999999999753
0.0,0.0,0.0,0.0,0.0,0.0,0.0,0.0,0.0,0.0,0.0,0.0,0,0.0,-1.5707963267948966,nan,-0.04221480352268494,-0.33324137690024835,-0.1358334259753648,0.1077033883901446,-1.5707965188575346,-0.04425826359007197,-0.34238913420151024,1.4422499145424084,-0.14114836801825534,1.3575090524330862,-0.16058812502290493,-1.3144414683032124,0.29880747638621474,0.010775240211200908,-0.0020434600673870304,-0.009147757301261883,-0.005314942042890541,0.011468970323393368,-0.001288046441024482,-0.010903406274828862,0.0033157123292988696,15.538463330400754,-1.9682898505115864,-0.4655910790203801,0.04664831013171633,-1.5707964641322485,1.444792185792321,-0.6783805119876284,0.8614018948295138,0.7981358006893214,0,zero,0,-0.04664831013171611,0.061055078258428264,1.6993493740851406,1.4567065828256323,1.2478752163627729,-0.3293001802223597,0.07622661370081193,1.6968070828196546,1.4343977371585335,1.259295178792793,-0.4012441393468945,0.4587592126604995,-0.10401728141716748,0.0926505600881929,-0.07945249320030634,0.4655715203587932,2.6188436909000172,-9.440405150464814,-22.48419281774253,1.0,-0.1735500991344452,1.3733735215737397e-07,-5.472528608052585e-08,0.0,0.0,0.0,1,0.21271491283859809,-4.30650887175744,9.0,9.0,0.21271491283859809,-0.579027741298877,-0.6725566896754933,0.1933100517226251,-0.0032505000841178957,0.0027950073904686673,0.002340555226882448,0.02249465493021819,-0.15921801739449665,-0.4937335129403609,0.0,0.0,0.0,0.0,0.0,0.3988653906592876,-28.7100591450496,30.0,30.0,51.22915761275127,-3.7274811304585627,9.672556689675494,8.806689948277375,0.3988653906592876,-28.7100591450496,58.12729824388523,100.66281028085483,119.73391651693795,3.229999999999975
0.0,0.0,0.0,0.0,0.0,0.0,0.0,0.0,0.0,0.0,0.0,0.0,0,0.0,-1.5707963267948966,nan,-0.042376517349652275,-0.3225028014510838,-0.13497378324387183,0.10701707557745666,-1.570796484200423,-0.04582432727236304,-0.3420553995760962,1.4376255398181461,-0.14091088344770672,1.0517603903026738,-0.14043498553237346,-1.0404840823750539,-0.06221581609443527,0.020722949730474147,-0.003447809922710765,-0.01955259812501242,-0.005937100203834894,0.014405114479622243,-0.00179175965918244,-0.014180400415388175,0.0017925302100683547,10.36645538395955,-1.3620592723082328,-0.4629298666832368,-0.08227640082959686,-1.570796050728695,1.4401503318454014,-1.0,0.8614019117209832,0.7981358476871726,0,zero,0,0.08227640082959686,0.18929347640705352,1.703973752286041,1.4556580692799033,1.2488091512430957,-0.33010107613337997,0.2680664036837165,1.7014487248731927,1.4592637695982191,1.1764255504855987,-0.5881724505379803,0.46610238034259804,-0.10568224272628793,0.09413357902229208,-0.08072425617362544,0.4629097515666744,2.230128827268039,-7.071476257885286,-15.296901550285611,1.0,-0.5120542645454407,-2.7606620145448346e-07,-4.3347172784535815e-07,0.0,0.0,0.0,1,0.26916487159981056,-4.5,9.0,9.0,0.26916487159981056,-1.7645545705526233,2.577135603792546,3.4635430093842956,-0.004791558758953817,0.002795007445276745,0.002340555364704942,0.02153126345751532,-0.13179330257625146,-0.3711496736681448,0.0,0.0,0.0,0.0,0.0,0.504715678979581,-30.0,30.0,30.0,51.96397538599802,-2.7354454294473767,6.422864396207454,5.536456990615704,0.504715678979581,-39.531936542704884,73.86583928733758,114.6609908441984,142.00821729649726,3.239999999999975
0.0,0.0,0.0,0.0,0.0,0.0,0.0,0.0,0.0,0.0,0.0,0.0,0,0.0,-1.5707963267948966,nan,-0.0433110468512173,-0.31823705879226005,-0.13389492886609275,0.10631992816684765,-1.570796449023014,-0.047412886523488317,-0.3417088012884743,1.4329281604634951,-0.1406695903095414,0.4060659594910191,-0.06540297495602546,-0.39191443712018326,-0.083756123961376,0.024771835260613138,-0.00410183967227102,-0.023471742496214254,-0.006774661443448654,0.012171122506694432,-0.0016276455302604003,-0.012045044870312632,0.0006355211821351542,2.035034208569916,-0.2769407429633854,-0.4611676299525469,-0.13807656221165998,-1.570795836363029,1.4355351401182916,-1.0,0.8614019117209681,0.7981358476871638,0,zero,0,0.1380765622116602,0.24439649037850764,1.7086711351208619,1.4545930029471312,1.2497578300675944,-0.33091461571458736,0.36021914387839377,1.706063770455041,1.4732393459296733,1.1346835843829643,-0.6717390061849191,0.4733595788838137,-0.10732771172642881,0.09559923571312008,-0.08198113015421603,0.4611619850112873,0.720867833847525,-1.9642237712837305,-3.297148108390785,1.0,-0.7401967644691467,-4.904318675613695e-07,-6.126599849665126e-07,0.0,0.0,0.0,1,0.26361297082029217,-4.5,9.0,9.0,0.26361297082029217,-2.715754201171604,4.836310217884974,5.563334763098874,-0.004791558758953817,0.002795007445276696,0.002340555364704916,0.012323670564761392,-0.056085739623631684,-0.13332773659367395,0.0,0.0,0.0,0.0,0.0,0.4943052143639456,-30.0,30.0,30.0,51.963875313961594,-1.7842457988283962,4.163689782115026,3.436665236901126,0.4943052143639456,-34.17453650274436,60.00730123050076,86.16373576365936,110.42286377621313,3.2499999999999747
0.0,0.0,0.0,0.0,0.0,0.0,0.0,0.0,0.0,0.0,0.0,0.0,0,0.0,-1.5707963267948966,nan,-0.045317477455643324,-0.3218700979356859,-0.1351349240295751,0.10561207623357904,-1.5707964133338401,-0.04902350200077305,-0.34134906348637806,1.4281586528737027,-0.140424531122991,0.42783552650659756,0.03958151271412913,0.3992776945522081,0.14850543500327662,0.020521809375804854,-0.0037060245451297283,-0.019478965550692173,-0.005289607093415888,0.0056017110777955015,-0.0008197693728285403,-0.005358694354221628,0.0014112193282769265,-7.560402618461426,1.0644102164297489,-0.4617930230778909,-0.10097784662651366,-1.5707958897808183,1.4309259206074283,-1.0,0.861401911720968,0.7981358476871638,0,zero,0,0.10097784662651366,0.20658992286009248,1.7134406461912846,1.4535115825384655,1.2507210758397258,-0.33174064718258534,0.30607839757452104,1.7106730626074549,1.4684516541248602,1.1527828869315557,-0.6213286844998649,0.4805274778935958,-0.10895293329777651,0.09704685755827173,-0.08322253835184638,0.4618076258448412,-1.2846036438155526,4.373186820677148,10.723545497542005,1.0,-0.5005493760108948,-4.370140782583576e-07,-5.235530218250517e-07,0.0,0.0,0.0,0,0.2162087348864733,-2.5871352405189696,6.564339482196501,8.89323913815142,0.2162087348864733,-3.041929332990996,5.791742961037257,6.71285909221329,-0.004791558758953817,0.0027950074452766957,0.002340555364704916,-0.010890539787775955,0.05522470566824214,0.17385911698773923,0.0,0.0,0.0,0.0,0.0,0.405416716456916,-17.247568270126465,21.88113160732167,29.644130460504734,40.684166024671214,0.4547940924720266,0.7725965211592438,2.18038004593813,0.405416716456916,-17.247568270126465,21.88113160732167,29.644130460504734,40.684166024671214,3.2599999999999745
0.0,0.0,0.0,0.0,0.0,0.0,0.0,0.0,0.0,0.0,0.0,0.0,0,0.0,-1.5707963267948966,nan,-0.0484296913888469,-0.3327710166351834,-0.13673170526319553,0.10489365474664569,-1.5707963771417464,-0.05065571988485965,-0.3409759147366639,1.4233179264181581,-0.14017575013005829,1.1519595699800218,0.14799960491169786,1.1274067449211667,0.18455622265531324,0.009172622349453994,-0.0022260284960127497,-0.008204898101480507,-0.0034440448668627555,0.004515240642018929,0.00043937347785473653,0.00393661471566871,0.0021673517441056734,-14.794517207355236,2.153012100056795,-0.468314309247135,0.02391724134648987,-1.5707961983162786,1.4262805473964275,-0.24580256147512933,-0.8622910684243072,-0.79925622754768,0,zero,0,-0.02391724134648987,0.0809764134001556,1.718281376124827,1.4524140142414896,1.251698704903516,-0.33257901304318316,0.1140969561276023,1.7153186661861066,1.4465578469694729,1.2272729167633825,-0.4438373786882819,0.48760281292972246,-0.11055716727338537,0.0984757852742016,-0.08444791539787372,0.4683373140589513,-2.6106067044459667,8.974687614180388,21.314438286052326,1.0,-0.16396784782409668,-1.2847861796672078e-07,-1.788254677670409e-07,0.0,0.0,0.0,1,0.1531444972377337,0.23988239253574867,-9.0,-9.0,0.1531444972377337,-2.5319821993583886,3.0583639246861725,3.96048759017784,-0.00117777741640944,-0.0027978925092312043,-0.0023438409095161623,-0.02188549107265821,0.14135675608354648,0.42789663752411894,0.0,0.0,0.0,0.0,0.0,0.28716388006325466,1.5992159502383245,-30.0,-30.0,42.457507637042355,2.771864591894137,-12.058363924686173,-12.96048759017784,0.28716388006325466,1.5992159502383245,-30.058872668170142,-42.56535288181378,52.1342981806038,3.2699999999999743
0.0,0.0,0.0,0.0,0.0,0.0,0.0,0.0,0.0,0.0,0.0,0.0,0,0.0,-1.5707963267948966,nan,-0.05199318319606996,-0.34569596486926524,-0.1342403092956034,0.10416480347089108,-1.5707963404558813,-0.05230907220722693,-0.34058908852255965,1.4184069227809142,-0.13992329326590625,1.3633224861341446,0.19101394848557787,1.3311774448186098,-0.22389391034400852,0.007646978402913782,-0.00031588901115697093,0.005106876346705591,-0.005682983970302841,0.01158471104228846,0.0015635746309043558,0.011478610311413655,-4.7640587953849504e-05,-15.400486896168465,2.316155149390714,-0.4833417305391393,0.18259741704219734,-1.5707966229439887,1.4215174096481074,0.8271925888308459,-0.861401911862686,-0.7981358052970893,0,zero,0,-0.18259741704219756,-0.07843261357130604,1.723192383234326,1.451300511570692,1.2526905270767503,-0.3334295502056115,0.13937255934940773,1.7200819575102322,1.4196263683641237,1.3223666682269446,-0.21699493525813515,0.4945823854982987,-0.11213968843917696,0.09988537289622354,-0.08565670734524379,0.48335643153506774,-2.595777665547705,9.324697550391248,22.302601365411384,1.0,-0.1563224494457245,2.961490919162202e-07,2.824881075724761e-07,0.0,0.0,0.0,1,0.0854872365333156,1.806151468418983,-9.0,-9.0,0.0854872365333156,-1.472014884657942,-0.6822028602796965,-0.21226782324274684,0.003963541894354123,-0.0027950074457365305,-0.0023405552403948544,-0.023459070230540956,0.16049727764569546,0.49000004882995396,0.0,0.0,0.0,0.0,0.0,0.16029858716166434,12.041009789459887,-30.0,-30.0,44.102285795488136,3.2781663530769247,-8.317797139720303,-8.787732176757252,0.16029858716166434,12.041009789459887,-71.33746304043612,-102.7922572014719,125.6992179212188,3.279999999999974
0.0,0.0,0.0,0.0,0.0,0.0,0.0,0.0,0.0,0.0,0.0,0.0,0,0.0,-1.5707963267948966,nan,-0.05516994794934038,-0.35488963104518634,-0.12839463167315282,0.10342566686911892,-1.5707963032856902,-0.053983077188300754,-0.3401883237410739,1.4134266153012096,-0.1396672081292008,1.12051299183043,0.15027597721965977,0.9594430957406863,-0.5589592485745143,0.018563622453896447,0.0011868707610396267,0.014701307304112454,-0.011272576456047984,0.014659706468594994,0.002040611292064034,0.014023873563104916,-0.0037515156385271396,-10.326677024250394,1.6052864754045366,-0.5017785900974718,0.3112533356038345,-1.5707970001000904,1.4165772525734057,1.0,-0.8614019117209846,-0.7981358476871784,0,zero,0,-0.3112533356038343,-0.2078276687347156,1.7281726941774216,1.4501712952179375,1.2536963457841614,-0.3342920900967385,0.33997401706997427,1.725022112398547,1.3980809850019364,1.4002513073359066,-0.031999766437474736,0.5014630630537575,-0.1136997865339407,0.10127498777851103,-0.0868483716684912,0.5017833827353712,-1.799821457841624,6.446103455921924,15.096984902305289,1.0,-0.5462868213653564,6.733051938212498e-07,6.968143999586118e-07,0.0,0.0,0.0,1,0.020065298241369132,2.0886029535431905,-9.0,-9.0,0.020065298241369132,-0.3677262847849829,-3.571592295222734,-3.4746933453248308,0.004791558758953817,-0.0027950074452767495,-0.0023405553647049587,-0.018613124242399207,0.12199058710619069,0.3670090237010683,0.0,0.0,0.0,0.0,0.0,0.037624785751676604,13.924019690287938,-30.0,-30.0,44.652880533735214,2.4563292383281734,-5.428407704777266,-5.52530665467517,0.037624785751676604,13.924019690287938,-79.14494620409731,-116.6434314115657,141.64565768520444,3.289999999999974
0.0,0.0,0.0,0.0,0.0,0.0,0.0,0.0,0.0,0.0,0.0,0.0,0,0.0,-1.5707963267948966,nan,-0.057498735191502816,-0.35779489252640995,-0.12438582022214212,0.10267639400421014,-1.570796265640913,-0.05567723958628144,-0.3397733651996018,1.4083780083139867,-0.1394075439524004,0.5048040706618836,0.06346248441817456,0.3320220022695719,-0.37491472742103016,0.02353179715319124,0.0018214956052213724,0.018021527326808173,-0.015021723730258285,0.012700805311518137,0.0017803397643258168,0.01154230053513016,-0.004991607380532009,-1.9493044229790357,0.3132486286700206,-0.5180488952211999,0.36667692640398575,-1.5707971685151125,1.4114584914186892,1.0,-0.8614019117209682,-0.7981358476871638,0,zero,0,-0.3666769264039855,-0.2640005323997756,1.733221304616039,1.4490265929029391,1.2547159581906182,-0.33516645877528556,0.4308344648630802,1.7301408403630887,1.3863996969452754,1.438116314303822,0.04960753740182229,0.50824177899886,-0.11523676624933352,0.10264401059409707,-0.08802237726373936,0.5180499481584571,-0.7244867100558996,1.8611211765498625,3.110947018321292,1.0,-0.8157684206962585,8.417202161936643e-07,9.028741994043799e-07,0.0,0.0,0.0,1,-0.007817925222310758,1.7005320764412108,-9.0,-9.0,-0.007817925222310758,0.42360506254655284,-5.503626113919857,-5.568828634950523,0.004791558758953817,-0.0027950074452766966,-0.002340555364704916,-0.011351089037688934,0.05156490486504308,0.12926472056764762,0.0,0.0,0.0,0.0,0.0,-0.014659526012208435,11.336880509608072,-30.0,-30.0,43.9149755162272,1.276927013894658,-3.4963738860801428,-3.431171365049477,-0.014659526012208435,11.336880509608072,-60.47120069461197,-87.83348724276212,107.23811201836467,3.2999999999999736
0.0,0.0,0.0,0.0,0.0,0.0,0.0,0.0,0.0,0.0,0.0,0.0,0,0.0,-1.5707963267948966,nan,-0.05877510567725408,-0.3538415033877499,-0.12581560828312796,0.10191713844123318,-1.5707962275315737,-0.057391051056785804,-0.33934396411077095,1.4032621364904154,-0.1391443515719838,0.39339584600567684,-0.04374409847530958,-0.352398804982923,0.1692980441402453,0.019742078156572224,0.0013840546204682766,0.014497539276978944,-0.013328743288855832,0.005838793282325835,0.0008936841366433588,0.0053360973885484,-0.0021951993799134185,7.779716873389201,-1.2922042647623893,-0.5301950127440896,0.3277761173857989,-1.5707970191180518,1.4061965303204094,1.0,-0.861401911720968,-0.7981358476871638,0,zero,0,-0.3277761173857989,-0.22585897894456597,1.7383371798758733,1.4478666392237285,1.255749155334314,-0.33605247704604324,0.3789520582599324,1.7354028494200084,1.3864647376632109,1.4248200308109684,-0.0025245206248084087,0.5149155326846946,-0.11674994722987991,0.1039918353348741,-0.08917820444870032,0.5301930141945316,0.5190418687418688,-3.5264541410569223,-10.89371663852753,1.0,-0.6307945251464844,6.923231552491416e-07,7.915864781438131e-07,0.0,0.0,0.0,1,0.031113865876455944,0.61087182665318,-7.86333036157247,-9.0,0.031113865876455944,0.7341191395279034,-6.488990580676912,-6.7350939306536395,0.004791558758953817,-0.0027950074452766957,-0.002340555364704916,0.006473326630645926,-0.044179444212943314,-0.1774213080492225,0.0,0.0,0.0,0.0,0.0,0.0583421449024113,4.072478844354533,-26.21110120524157,-30.0,40.04510349761882,-0.12324731287472346,-1.374339780895558,-2.2649060693463605,0.0583421449024113,4.072478844354533,-26.21110120524157,-31.150798217010525,40.91433176396639,3.3099999999999734
0.0,0.0,0.0,0.0,0.0,0.0,0.0,0.0,0.0,0.0,0.0,0.0,0,0.0,-1.5707963267948966,nan,-0.05887759192944761,-0.34308690968983263,-0.1306664196662735,0.10114805814955807,-1.5707961889679765,-0.059123990523371084,-0.3388998785845506,1.3980800641784128,-0.13887768339860787,1.1625556049254786,-0.16304532143917513,-1.031050817169693,0.5117479556521448,0.009220455185381933,-0.00024639859392347474,0.004187031105282013,-0.008211263732334384,0.003870566373220403,-0.0004903115909916872,-0.0033104148083759376,0.0019447448135241421,15.030299777794244,-2.579264854131478,-0.5361131936390248,0.19987177939370904,-1.570796594634553,1.4008441862859584,0.5346117145277399,0.8194199465771548,0.7992942383192916,0,zero,0,-0.19987177939370904,-0.09872372124415119,1.7435192556058723,1.446691675507128,1.2567957222599555,-0.3369499605740872,0.19228653893535733,1.7407552314099761,1.3996010917998052,1.3602385025399695,-0.18187403929670912,0.5214813894106775,-0.11823866407297202,0.1053178693115941,-0.0903153449626749,0.5361000408647373,1.8231866736847118,-8.09011965904008,-21.516934261009954,1.0,-0.21255889534950256,2.6783965623167205e-07,4.0566657677487683e-07,0.0,0.0,0.0,1,0.12886663391841024,-1.4718337383863094,5.329112342940216,9.0,0.12886663391841024,0.4253625606714035,-4.389027664150272,-3.9872547136298646,0.00256162344338471,0.0026587877509067644,0.0023439523771512398,0.015722301599078663,-0.12511788257196543,-0.43195787405713043,0.0,0.0,0.0,0.0,0.0,0.24164004109958792,-9.812224922575396,17.76370780980072,30.0,36.219987065053566,-1.897196299057713,9.718140007090488,12.987254713629865,0.24164004109958792,-9.812224922575396,17.76370780980072,40.90476327582357,45.66275420563034,3.319999999999973
0.0,0.0,0.0,0.0,0.0,0.0,0.0,0.0,0.0,0.0,0.0,0.0,0,0.0,-1.5707963267948966,nan,-0.05835993541177758,-0.3294523977552251,-0.13313788836057622,0.10036931540497318,-1.5707961499606984,-0.06087552455897141,-0.3384408741166721,1.3928328847431637,-0.13860759338718737,1.3647687236664328,-0.22691905532703574,-1.317550746672902,0.2741558705723235,0.010818436538423945,-0.002515589147193832,-0.008988476361447006,-0.005469705026611149,0.011552738985632425,-0.0018364178513476537,-0.010971197114263857,0.0031186826426187336,15.494610756500226,-2.744632894544169,-0.5353840234929581,0.03896473977111525,-1.5707960921348303,1.3954770716194724,-0.6747095868840398,0.8614018967723982,0.7981358004391025,0,zero,0,-0.038964739771115475,0.06140457563385793,1.7487664384377188,1.4455019496592212,1.2578554381519513,-0.337858719998994,0.07721633450500583,1.7461222060243966,1.423194129322704,1.2684558416279201,-0.41097070907953825,0.5279364804245525,-0.11970226632886954,0.10662153315386856,-0.09143330196655271,0.5353586022325255,2.58987844996651,-9.390122707381112,-22.53606307318552,1.0,-0.17453619837760925,-2.346600664893117e-07,-5.78258680938859e-08,0.0,0.0,0.0,1,0.23977437911152927,-4.3019831065699154,9.0,9.0,0.23977437911152927,-0.578819989239063,-0.6498358868491786,0.19333234407522426,-0.003232910630784332,0.002795007396772782,0.0023405552261486742,0.022295896425186028,-0.15845827800897053,-0.4948995286376896,0.0,0.0,0.0,0.0,0.0,0.4496050611504393,-28.679887377132772,30.0,30.0,51.21267503925207,-3.7231631173308526,9.649835886849178,8.806667655924775,0.4496050611504393,-28.679887377132772,58.05234747109372,100.9713788471794,119.95012495984012,3.329999999999973
0.0,0.0,0.0,0.0,0.0,0.0,0.0,0.0,0.0,0.0,0.0,0.0,0,0.0,-1.5707963267948966,nan,-0.05818383794325276,-0.3185508562971948,-0.13201633729743195,0.09958107669179572,-1.5707961105205808,-0.0626451077782532,-0.3379667240723932,1.3875217199076428,-0.1383341370068917,1.0641213728966992,-0.19456806878066085,-1.0427391413751375,-0.08480946828486047,0.020899603899919288,-0.004461269835000441,-0.01941586777519838,-0.006317799709459754,0.014539970421933595,-0.0025169443289982164,-0.01424052162749783,0.0015110509230975792,10.351092764284306,-1.8905590983896823,-0.5322181114445149,-0.09065938899158144,-1.5707956746091636,1.3901407397774437,-1.0,0.8614019117209816,0.7981358476871722,0,zero,0,0.09065938899158166,0.19024046568337738,1.7540776066453152,1.4442977160158257,1.2589280764675999,-0.33877856104905707,0.2696078280387103,1.751458274219473,1.4477586492850634,1.186145873133352,-0.5983402933134874,0.5342780029223918,-0.12114011850069982,0.10790226081016849,-0.09253159004281208,0.5321940774780013,2.1994530246126316,-7.014397620507129,-15.33727085480931,1.0,-0.5182715058326721,-6.521857329744307e-07,-4.3591141718479776e-07,0.0,0.0,0.0,1,0.2963018460021275,-4.5,9.0,9.0,0.2963018460021275,-1.7634264552594339,2.5931372338873078,3.4637799636699,-0.004791558758953817,0.0027950074452767395,0.0023405553647049405,0.021317980522976544,-0.13086058779573143,-0.3720322827698263,0.0,0.0,0.0,0.0,0.0,0.5556006862968826,-30.0,30.0,30.0,51.96449453350445,-2.7365735447405664,6.406862766112692,5.5362200363301,0.5556006862968826,-39.45214961636063,73.58276227298167,114.89895778803537,142.03159580168486,3.3399999999999728
0.0,0.0,0.0,0.0,0.0,0.0,0.0,0.0,0.0,0.0,0.0,0.0,0,0.0,-1.5707963267948966,nan,-0.05909311180235503,-0.3140948798477848,-0.1307786634042625,0.09878351260498763,-1.5707960706587245,-0.06443218324085474,-0.33747721016465493,1.382147719093134,-0.13805737121104927,0.417453052702933,-0.08778016034992689,-0.3966462541671767,-0.09609080973270179,0.025064290179640174,-0.0053390714384997096,-0.023382330316870148,-0.007278707806786772,0.012330795622012156,-0.0022591654962802656,-0.012116544579242806,0.00036611390505227395,2.0695079041153215,-0.3893304732687677,-0.5298689806672496,-0.14704578162222126,-1.570795453992099,1.3848370324551789,-1.0,0.861401911720968,0.7981358476871638,0,zero,0,0.14704578162222148,0.2458292942272089,1.7594516108042666,1.4430792351929622,1.2600134050702791,-0.3397092846555026,0.361876600662529,1.7567618118192434,1.4614300015471222,1.1449105283685488,-0.6822906855483254,0.5405032200485943,-0.12255160004445766,0.10915949954782432,-0.09360973519552003,0.529862555651208,0.6909671339189447,-1.9202273944076096,-3.3350722685883185,1.0,-0.7513400912284851,-8.728027975912767e-07,-6.166666253193398e-07,0.0,0.0,0.0,1,0.2800898776785464,-4.5,9.0,9.0,0.2800898776785464,-2.7146211823836652,4.846774246548298,5.563774199336295,-0.004791558758953817,0.0027950074452766957,0.002340555364704916,0.012112104317698269,-0.05530587133620061,-0.13412822036354505,0.0,0.0,0.0,0.0,0.0,0.5252013457313827,-30.0,30.0,30.0,51.96417839679136,-1.7853788176163348,4.153225753451702,3.4362258006637054,0.5252013457313827,-34.032765894343065,59.66053040343391,86.36087713345411,110.34529884934535,3.3499999999999726
0.0,0.0,0.0,0.0,0.0,0.0,0.0,0.0,0.0,0.0,0.0,0.0,0,0.0,-1.5707963267948966,nan,-0.061473182327285325,-0.3174918303856544,-0.13201405871479938,0.09797679775226564,-1.5707960303864823,-0.06623618286544483,-0.336972122925682,1.376712058759754,-0.13777735440695316,0.4225426649617957,0.057607090034020314,0.39020377768425596,0.15154121146329913,0.020865846467535424,-0.004763000538159506,-0.01948029254002759,-0.00576329569215378,0.005718987729154004,-0.0011200806521995533,-0.005466662514943869,0.0012521345480777431,-7.473958825611783,1.4470648473451697,-0.5297728905782549,-0.11030612218237779,-1.5707955047235083,1.3795462295536436,-1.0,0.861401911720968,0.7981358476871638,0,zero,0,0.11030612218237756,0.20828291993464365,1.764887274451363,1.4418467739373286,1.2611111863626348,-0.34065068706670537,0.3079065902723837,1.7620527014595455,1.4563650228754519,1.1632946743551358,-0.6322318660813618,0.5466094608958872,-0.12393610536900558,0.11039270995302608,-0.0946672748503324,0.5297903925254797,-1.31031468975242,4.3900491503555985,10.692489936367009,1.0,-0.5116339325904846,-8.220713882955977e-07,-5.256629740379992e-07,0.0,0.0,0.0,0,0.21625549243567466,-2.5604625861792365,6.492621375215077,8.95200330678897,0.21625549243567466,-3.0365361527699006,5.784622192389179,6.724425301255351,-0.004791558758953817,0.0027950074452766957,0.002340555364704916,-0.01107855106267256,0.05559794028259898,0.17314380184121966,0.0,0.0,0.0,0.0,0.0,0.40550439234141133,-17.069750574528243,21.642071250716924,29.840011022629906,40.6244547574561,0.47607356659066413,0.7079991828258985,2.227578005533619,0.40550439234141133,-17.069750574528243,21.642071250716924,29.840011022629906,40.6244547574561,3.3599999999999723
0.0,0.0,0.0,0.0,0.0,0.0,0.0,0.0,0.0,0.0,0.0,0.0,0,0.0,-1.5707963267948966,nan,-0.06535011552496409,-0.3281536052822828,-0.13377383443259222,0.0971611106562218,-1.5707959897154478,-0.06805652785450343,-0.3364512621710909,1.3712159417469703,-0.13749414642556065,1.155225854813241,0.2056588208620161,1.118263565121952,0.20429836991853467,0.009487702507292866,-0.0027064123295393455,-0.00829765688880807,-0.0037203119929684336,0.004434732851475881,0.0006232353173230435,0.003803916270587772,0.002192864384670941,-14.679500624056159,2.923242432923675,-0.5353904273231851,0.014609382941987326,-1.5707958098640054,1.3742275005580002,-0.2375604792756985,-0.8622652510643865,-0.7992811075295315,0,zero,0,-0.014609382941987548,0.08255172771423425,1.7703833947440637,1.4406006049767686,1.2622211774197685,-0.3416025599624047,0.11612919720731144,1.7673717116206844,1.4342530438297743,1.237804691266699,-0.45491833062210196,0.5525941205053259,-0.12529304383607373,0.11160136593082333,-0.09570375785449378,0.5354192407078261,-2.629775100047056,8.96931477541565,21.30727370194112,1.0,-0.16941873729228973,-5.169308909813708e-07,-1.7985144218357618e-07,0.0,0.0,0.0,1,0.13447388755988784,0.2646294330851994,-9.0,-9.0,0.13447388755988784,-2.5207633371561333,3.0450693167690197,3.9757833436690766,-0.00113828499525474,-0.0027978087391440773,-0.0023439138707484703,-0.022028835990708952,0.14131576704187812,0.4276262042504836,0.0,0.0,0.0,0.0,0.0,0.25215429881846585,1.764196220567996,-30.0,-30.0,42.46381954199456,2.785392770241333,-12.04506931676902,-12.975783343669077,0.25215429881846585,1.764196220567996,-30.08414389681857,-42.395978983569904,52.01586986752088,3.369999999999972
0.0,0.0,0.0,0.0,0.0,0.0,0.0,0.0,0.0,0.0,0.0,0.0,0,0.0,-1.5707963267948966,nan,-0.06981313649984992,-0.34089847422583514,-0.13151630774722262,0.09633663365643108,-1.5707959486574545,-0.06989262912968185,-0.3359144374555748,1.365660596614123,-0.13720780849108402,1.3681727911842698,0.26269196997074223,1.3281693659068394,-0.19711887508929715,0.0075657202117762395,-7.949262983192318e-05,0.004984036770260325,-0.005691500743861405,0.011575120114536335,0.0021629418572233217,0.011370282549417651,0.00014752265800015672,-15.299818863638272,3.1331697521129773,-0.5491263967671848,0.1736352128829619,-1.570796221552163,1.368801664206707,0.8317219306079733,-0.8614019118560611,-0.7981358029129463,0,zero,0,-0.1736352128829619,-0.0772985792265306,1.7759387431199802,1.4393410068707448,1.2633431301224265,-0.3425646905679201,0.1378489133229893,1.7727977691434245,1.4071706619595663,1.3328095683797296,-0.22797001333137604,0.5584546598662925,-0.12662183976025976,0.11278495470512505,-0.09671874447683748,0.5491472813069328,-2.608109199190276,9.315293666467891,22.32452049708706,1.0,-0.154453307390213,-1.0524273363898828e-07,2.728947086083622e-07,0.0,0.0,0.0,1,0.052261360899631785,1.819038171021654,-9.0,-9.0,0.052261360899631785,-1.4580575307726746,-0.6929959429475652,-0.20060675488967233,0.003985244501618613,-0.0027950074457150347,-0.002340555233403289,-0.02355498402858524,0.16034140581946257,0.49035005508288787,0.0,0.0,0.0,0.0,0.0,0.09799617644783759,12.126921140144361,-30.0,-30.0,44.12563676129647,3.2770957017943285,-8.307004057052435,-8.799393245110327,0.09799617644783759,12.126921140144361,-71.20226093724617,-102.74251166442771,125.5900373647553,3.379999999999972
0.0,0.0,0.0,0.0,0.0,0.0,0.0,0.0,0.0,0.0,0.0,0.0,0,0.0,-1.5707963267948966,nan,-0.0737128966704946,-0.34997880676074206,-0.12584811503042792,0.09550355281156975,-1.57079590722456,-0.07174388777757978,-0.3353614685192546,1.3600472769809488,-0.1369184031904604,1.1221773914698296,0.2048501522746743,0.9633301471227151,-0.5378787416171066,0.01844166080461803,0.0019690088929148197,0.014617338241487476,-0.011070288160032471,0.014674789647202664,0.0028026685244650065,0.013977650540332277,-0.003481348259506428,-10.276988257876454,2.164483707794865,-0.5659602438738353,0.30279043064210764,-1.5707965785775466,1.3632128327629496,1.0,-0.8614019117209842,-0.7981358476871755,0,zero,0,-0.30279043064210764,-0.2072868778305379,1.781552065956359,1.4380682638608095,1.2644767912901886,-0.3435368617683676,0.3386262667439692,1.778386657942087,1.3855404833655032,1.4106183478776553,-0.04263620301952051,0.5641886059164974,-0.12792193240902885,0.11394297681869973,-0.0977118064077855,0.565969250304336,-1.8060058263667222,6.440064432356421,15.136508766355362,1.0,-0.541591227054596,2.517826498404929e-07,6.713529865365331e-07,0.0,0.0,0.0,1,-0.015438743355503914,2.0879818031328474,-9.0,-9.0,-0.015438743355503914,-0.3556079308598726,-3.5790801214476824,-3.4673342925375037,0.004791558758953817,-0.002795007445276748,-0.00234055536470495,-0.01866359761985259,0.12187938571788626,0.36779760773753895,0.0,0.0,0.0,0.0,0.0,-0.028949453132390612,13.919878687552318,-30.0,-30.0,44.65158295902856,2.44358973399272,-5.420919878552318,-5.532665707462496,-0.028949453132390612,13.919878687552318,-78.97320109584507,-116.74822563051276,141.6357248011423,3.3899999999999717
0.0,0.0,0.0,0.0,0.0,0.0,0.0,0.0,0.0,0.0,0.0,0.0,0,0.0,-1.5707963267948966,nan,-0.07642903711574117,-0.35280156434472704,-0.12189247372493084,0.09466205780152781,-1.570795865429044,-0.07360969550572727,-0.33479218572379327,1.3543772608680953,-0.13662599444270002,0.5064412743608628,0.08503327170990838,0.3392040379446293,-0.36632325577367064,0.023438494793118343,0.0028193416100139035,0.01800937862093377,-0.014733520717769177,0.012733213877122646,0.0024310315195632624,0.01155933527495152,-0.004754638723678185,-1.9732524657809656,0.4274641107859905,-0.5805342404147186,0.35869886695195974,-1.5707967329667714,1.3574614779220444,1.0,-0.8614019117209681,-0.7981358476871638,0,zero,0,-0.3586988669519595,-0.26403680915043193,1.7872220852295664,1.436782665721076,1.265621902814657,-0.3445188522228754,0.42986206645749564,1.7841380078772437,1.3738182287762597,1.44845147962893,0.03938310162488679,0.5697935515419789,-0.12919277600271398,0.11507494613317543,-0.09868252675934867,0.580536084783149,-0.7277223912017017,1.8600837181196432,3.1513826773248432,1.0,-0.8114367723464966,4.0617187480052053e-07,8.675377274336427e-07,0.0,0.0,0.0,1,-0.034200246915249984,1.692432047059963,-9.0,-9.0,-0.034200246915249984,0.43093171542629405,-5.508562018736371,-5.564588050105437,0.004791558758953817,-0.002795007445276696,-0.002340555364704916,-0.01137551454502242,0.05152884601139445,0.13013466685005887,0.0,0.0,0.0,0.0,0.0,-0.06412947105803485,11.282880313733086,-30.0,-30.0,43.90111047300608,1.2615003316336688,-3.491437981263629,-3.435411949894563,-0.06412947105803485,11.282880313733086,-60.30089769947057,-88.03926166928434,107.3052531770827,3.3999999999999715
0.0,0.0,0.0,0.0,0.0,0.0,0.0,0.0,0.0,0.0,0.0,0.0,0,0.0,-1.5707963267948966,nan,-0.07770601037747807,-0.34877483026596695,-0.1232354429106444,0.09381234182952447,-1.5707958232833965,-0.0754894351085287,-0.3342064304773935,1.3486518500376488,-0.13633064746810597,0.3858463739339431,-0.06027663410645284,-0.3440978832360331,0.16383161603076013,0.019713849464891096,0.002216575268949375,0.014568399788573438,-0.013095204557461576,0.005913561267455892,0.001216690053230686,0.005402675524560837,-0.0020738778543191345,7.668848690119182,-1.7085434275596538,-0.591093779361219,0.3201571680434758,-1.5707965860960809,1.3515830348233397,1.0,-0.861401911720968,-0.7981358476871638,0,zero,0,-0.32015716804347605,-0.22634482621395158,1.7929474991745697,1.4354845076086897,1.2667782017926434,-0.34551043647879953,0.3783507032077283,1.790016480848893,1.3738475057771755,1.4352002921513074,-0.012380517027248364,0.5752671555771021,-0.13043383971451541,0.1161803898290396,-0.09963050006512647,0.5910885110820249,0.5147275124347188,-3.516961928548863,-10.859102476123288,1.0,-0.629185676574707,2.593011840801296e-07,7.628126841296989e-07,0.0,0.0,0.0,1,0.02044701221078087,0.601059316991244,-7.819109486612931,-9.0,0.02044701221078087,0.7362545616890236,-6.483655967605023,-6.732778819778062,0.004791558758953817,-0.0027950074452766957,-0.002340555364704916,0.0064473080814042415,-0.04407361399522039,-0.17667139873368512,0.0,0.0,0.0,0.0,0.0,0.03834054417922533,4.00706211327496,-26.063698288709773,-30.0,39.942137965585474,-0.13519524469777955,-1.335453519007908,-2.267221180221938,0.03834054417922533,4.00706211327496,-26.063698288709773,-31.37714356428006,40.986577357902256,3.4099999999999713
0.0,0.0,0.0,0.0,0.0,0.0,0.0,0.0,0.0,0.0,0.0,0.0,0,0.0,-1.5707963267948966,nan,-0.07741440437271917,-0.33797174580392386,-0.12787512469449075,0.09295460152422086,-1.5707957808003112,-0.07738248094289508,-0.33360405564781187,1.3428723693336517,-0.13603242875735846,1.1541665475939578,-0.21846518391252928,-1.0200709632461447,0.4937900494593861,0.00925307224543543,3.192342982408225e-05,0.004367690156111992,-0.008157304062867715,0.0037740144933134986,-0.000644167755671224,-0.0031930381012550057,0.001905975073873651,14.85083710635606,-3.401562315810427,-0.5956848270789897,0.19245405711505525,-1.5707961745174903,1.3456287549671584,0.5285859474820127,0.8203498537963995,0.7992979749308887,0,zero,0,-0.19245405711505548,-0.09949945559083417,1.798726982944422,1.4341740899143,1.2679454206593601,-0.34651138508594015,0.1920656927937915,1.7959707392831306,1.3869164361669255,1.370827898164365,-0.1913871011908513,0.5806071428045612,-0.13164460767050143,0.1172588484056394,-0.1005553322803073,0.5956653614795466,1.8145521400594626,-8.060744828035698,-21.481612561138476,1.0,-0.21285349130630493,-1.5227740624013109e-07,3.9371717885927637e-07,0.0,0.0,0.0,1,0.13530803106830988,-1.4811711940220296,5.346394512937488,9.0,0.13530803106830988,0.42345625405064746,-4.377030202378607,-3.9861951209177886,0.0025327506265173405,0.002661805038848479,0.002343963334867705,0.01566892456650501,-0.12471190796699666,-0.4312305279500078,0.0,0.0,0.0,0.0,0.0,0.2537184156540594,-9.87447462681353,17.82131504312496,30.0,36.265257369227896,-1.904627448072677,9.723424715316096,12.986195120917788,0.2537184156540594,-9.87447462681353,17.82131504312496,40.68881144205503,45.50547514995801,3.419999999999971
0.0,0.0,0.0,0.0,0.0,0.0,0.0,0.0,0.0,0.0,0.0,0.0,0,0.0,-1.5707963267948966,nan,-0.07632491076121155,-0.32432484761121483,-0.13009416296376383,0.092089036841839,-1.570795737992675,-0.07928819941324859,-0.33298492596254836,1.3370401660226225,-0.13573140604046133,1.3603115638445977,-0.2995212081861126,-1.3027768507445525,0.25200609861702195,0.010749723075144825,-0.002963288652037044,-0.008660078351333533,-0.005637243076697496,0.011448525002420147,-0.002421966627341192,-0.010794765599807753,0.00294547755589682,15.311202091449246,-3.6031362536143465,-0.5939678066074502,0.031637250348605095,-1.5707956785899024,1.3396715954536786,-0.6792544379409535,0.8614018976979394,0.798135800662605,0,zero,0,-0.03163725034860487,0.060451786493233683,1.8045591892697443,1.4328517181125309,1.269123287321606,-0.3475214647107572,0.07671948694501621,1.8019276877841721,1.4103915434869494,1.279456129936671,-0.42010057876100326,0.5858113039553771,-0.1328245789496075,0.11830987568118127,-0.1014566407816681,0.5939359110630005,2.5760681317307594,-9.342706444058777,-22.496086229635175,1.0,-0.173298642039299,-6.482049941247681e-07,-5.940277247873382e-08,0.0,0.0,0.0,1,0.25777708040912,-4.306773980127901,9.0,9.0,0.25777708040912,-0.5827329026888247,-0.6389809507327158,0.1935254857265929,-0.0032546875516742276,0.0027950073997759033,0.0023405552268041013,0.022205967624042686,-0.15772927015133145,-0.49407042860149203,0.0,0.0,0.0,0.0,0.0,0.48336223590684424,-28.71182653418601,30.0,30.0,51.230875670637225,-3.7240410774390766,9.638980950732716,8.806474514273408,0.48336223590684424,-28.71182653418601,57.925248330409275,100.73190495823032,119.69483569742604,3.429999999999971
0.0,0.0,0.0,0.0,0.0,0.0,0.0,0.0,0.0,0.0,0.0,0.0,0,0.0,-1.5707963267948966,nan,-0.07571642515496538,-0.31341119929480005,-0.12877313191929057,0.09121585096827367,-1.5707956948735613,-0.08120594946554714,-0.3323489183953868,1.3311566091340776,-0.13542764825554338,1.0632337977031205,-0.25262356585447204,-1.0277640749253247,-0.10172732595553069,0.020809965630885913,-0.005489524310581764,-0.01893771910058678,-0.006654516336252803,0.014461931076621679,-0.003292973346215762,-0.014023451031097475,0.0012831984197619606,10.221557507443931,-2.4693185454382274,-0.5899286088322157,-0.09792855301776848,-1.57079525758644,1.3337550026580143,-1.0,0.8614019117209807,0.7981358476871725,0,zero,0,0.09792855301776848,0.18914440398604215,1.8104427491182105,1.4315177026124528,1.2703115252909571,-0.3485404382505862,0.26858556770962033,1.8078439606075845,1.4347975412278335,1.1976420565663564,-0.6070744678368621,0.5908774957088987,-0.1339732675836369,0.11933303879273133,-0.10233405436757469,0.5899002870985632,2.1827455736475105,-6.966233296942151,-15.299085345686358,1.0,-0.5148535966873169,-1.069208456883075e-06,-4.372871211799634e-07,0.0,0.0,0.0,1,0.314574992948195,-4.5,9.0,9.0,0.314574992948195,-1.767228720922628,2.6006714851174384,3.4635323776195883,-0.004791558758953817,0.002795007445276737,0.0023405553647049414,0.021202961800726842,-0.13005143853695142,-0.3712075999125087,0.0,0.0,0.0,0.0,0.0,0.5898649783390119,-30.0,30.0,30.0,51.96487218008595,-2.732771279077372,6.399328514882562,5.536467622380412,0.5898649783390119,-39.419447667271356,73.290059676404,114.61989992895742,141.64531443779032,3.4399999999999706
0.0,0.0,0.0,0.0,0.0,0.0,0.0,0.0,0.0,0.0,0.0,0.0,0,0.0,-1.5707963267948966,nan,-0.07654681885041878,-0.3088876906519728,-0.127440998998922,0.09033525022120714,-1.5707956514562196,-0.08313508308995188,-0.3316959225384927,1.3252230888010523,-0.1351212255175158,0.41521295783852796,-0.10987399289513339,-0.38705127859331445,-0.10257101823409887,0.02495208502021597,-0.006588264239533098,-0.022808231886519925,-0.007680226518593791,0.012262837297372235,-0.0029226361259719552,-0.011908233031560762,0.00017135554567157887,2.0274661915832444,-0.5024122674202512,-0.5866315068128586,-0.1541937521640202,-1.5707950313687582,1.3278805887948069,-1.0,0.861401911720968,0.7981358476871638,0,zero,0,0.1541937521640202,0.24452900238522712,1.816376272354029,1.4301723586080544,1.271509853816954,-0.3495680649478546,0.3603610029990718,1.813718179720689,1.4483068343872771,1.1567851017300437,-0.6906873389164466,0.5958036406928029,-0.13509020255726048,0.1203279181962151,-0.10318721325798158,0.5866242666593015,0.6756712108808116,-1.8915643439563943,-3.3046826329298775,1.0,-0.745783805847168,-1.2954261383590904e-06,-6.200874613782048e-07,0.0,0.0,0.0,1,0.28952332372230966,-4.5,9.0,9.0,0.28952332372230966,-2.717460987610741,4.851760895686245,5.563420186835949,-0.004791558758953817,0.0027950074452766957,0.002340555364704916,0.012000850338554903,-0.05475548019642844,-0.13345148924278888,0.0,0.0,0.0,0.0,0.0,0.542890162614494,-30.0,30.0,30.0,51.96436018781203,-1.7825390123892588,4.148239104313755,3.436579813164051,0.542890162614494,-33.95928164271743,59.352302898356314,86.07525360049489,109.93258243644516,3.4499999999999704
0.0,0.0,0.0,0.0,0.0,0.0,0.0,0.0,0.0,0.0,0.0,0.0,0,0.0,-1.5707963267948966,nan,-0.07928974888450813,-0.31212268327908455,-0.12870125583325262,0.08944744395222859,-1.5707956077540646,-0.08507494583171392,-0.3310258409592934,1.31924101560062,-0.13481220908657218,0.42845233356706697,0.08030672923273058,0.39050742063110877,0.15692732652742292,0.020691583401592408,-0.005785196947205792,-0.018903157680208837,-0.006110953253319562,0.005630087093576708,-0.0014105493816552487,-0.005326012797061762,0.0011583690295865843,-7.399507975326301,1.8796712451396425,-0.5854780001858715,-0.11723643412197693,-1.570795080710773,1.3220294511846458,-1.0,0.861401911720968,0.7981358476871638,0,zero,0,0.11723643412197671,0.2066838780742053,1.8223583483974268,1.428816005928712,1.2727179880202906,-0.3506041005042969,0.30613302364499667,1.819569419875276,1.44311937862196,1.1752591546177698,-0.6404434342137577,0.6005877274830944,-0.13617492780801674,0.12129410766641775,-0.10401576909443211,0.5854986980051793,-1.32000730667975,4.384215267596493,10.698726026601523,1.0,-0.5049635767936707,-1.2460841238848275e-06,-5.27043291675966e-07,0.0,0.0,0.0,0,0.21186920108147606,-2.5513380272546895,6.445642467864325,8.87301427765484,0.21186920108147606,-3.036916084620729,5.778993886473064,6.709459037201211,-0.004791558758953817,0.0027950074452766957,0.002340555364704916,-0.011156203916132087,0.05563060850425784,0.17343433169502465,0.0,0.0,0.0,0.0,0.0,0.3972795820016427,-17.00892018169793,21.485474892881086,29.57671425884947,40.32206411551744,0.4855780573660393,0.6666485813912617,2.16355524045363,0.3972795820016427,-17.00892018169793,21.485474892881086,29.57671425884947,40.32206411551744,3.45999999999997
0.0,0.0,0.0,0.0,0.0,0.0,0.0,0.0,0.0,0.0,0.0,0.0,0,0.0,-1.5707963267948966,nan,-0.08394788718938373,-0.32251739291032333,-0.13059180212132546,0.08855264444894595,-1.5707955637806692,-0.08702487730983069,-0.3303385895413985,1.313211819894416,-0.13450067133653984,1.1618666834964182,0.2708206826758833,1.108196104913367,0.22020840381051787,0.009269209431495248,-0.0030769901204469596,-0.007821196631075167,-0.003908869215214383,0.004518835762221437,0.0008635765339329677,0.00383051926359888,0.002236343977828457,-14.490431330400305,3.771597800540261,-0.5899007094733835,0.007808938506385976,-1.5707953837344644,1.3161617176251468,-0.23553869223642465,-0.8622404676954225,-0.7992478580133108,0,zero,0,-0.007808938506386198,0.08074370594255997,1.8283875468841322,1.4274489688896637,1.2739356390260037,-0.3516482971951714,0.1145276746764174,1.8254374890544547,1.4209449733405923,1.2495172088504656,-0.4633144233715947,0.6052278106041048,-0.13722700222631157,0.12223121429698372,-0.10481938494005821,0.5899358413846036,-2.6344160951052475,8.934531415085843,21.27334200672139,1.0,-0.16553834080696106,-9.430604324123237e-07,-1.8004620461198328e-07,0.0,0.0,0.0,1,0.11432385085926783,0.2650315073820653,-8.990902820352613,-9.0,0.11432385085926783,-2.5197359502243755,3.037867010980364,3.956099459092882,-0.0011285974838579679,-0.002797728324067409,-0.0023438163656260154,-0.022065172363236855,0.14080978006484293,0.42706362349307,0.0,0.0,0.0,0.0,0.0,0.21437061852478498,1.7668767158804357,-29.96967606784204,-30.0,42.442305447543625,2.7847674576064407,-12.028769831332976,-12.956099459092883,0.21437061852478498,1.7668767158804357,-29.96967606784204,-42.54929298393054,52.074865579614816,3.46999999999997
0.0,0.0,0.0,0.0,0.0,0.0,0.0,0.0,0.0,0.0,0.0,0.0,0,0.0,-1.5707963267948966,nan,-0.0893213328208696,-0.3349576777860066,-0.12851652689070917,0.08765106683710555,-1.5707955195497556,-0.08898421174298893,-0.32963409780884756,1.307136951169151,-0.1341866857230672,1.3694650359552278,0.34141111983276295,1.314477660823421,-0.1761289617143641,0.007784912046935907,0.0003371210778806699,0.005323579977159043,-0.005670158832358024,0.011654321872044853,0.002846753400916454,0.011296869776225162,0.00031614337033082553,-15.074848449642765,4.019819259992049,-0.6021250334954864,0.16676198290718625,-1.5707957829076837,1.3102001043690077,0.8319554824162696,-0.8614019118480977,-0.7981358060976417,0,zero,0,-0.16676198290718602,-0.0791109160700807,1.834462418324859,1.426071576142478,1.27516251409666,-0.3527004039834753,0.1386504067391279,1.8313993952466632,1.3938174747574485,1.3441366073440433,-0.2368694902208119,0.6097220105284936,-0.1382459996554185,0.12313885850041706,-0.1055977352795806,0.6021526339476589,-2.6131390459940786,9.27706717135377,22.26552955248236,1.0,-0.1576748639345169,-5.4388721260068e-07,2.6335792835396887e-07,0.0,0.0,0.0,1,0.019996763833057644,1.8131750480940667,-9.0,-9.0,0.019996763833057644,-1.4578559453510547,-0.6977290830898351,-0.2156147077041194,0.003986363578831325,-0.0027950074456891956,-0.002340555242742496,-0.023587264677888232,0.15970541654580372,0.4891856296775221,0.0,0.0,0.0,0.0,0.0,0.0374962757042146,12.087833653960445,-30.0,-30.0,44.11481756073021,3.2710309934451214,-8.302270916910166,-8.78438529229588,0.0374962757042146,12.087833653960445,-70.85184327829907,-102.69142039638051,125.34603562688099,3.47999999999997
0.0,0.0,0.0,0.0,0.0,0.0,0.0,0.0,0.0,0.0,0.0,0.0,0,0.0,-1.5707963267948966,nan,-0.09392224444266974,-0.3437633026643503,-0.12300776013145795,0.08674292898270597,-1.5707954750751827,-0.09095227848227384,-0.32891230923299997,1.3010178773771393,-0.13387032675165408,1.1165329280307565,0.2632844882515223,0.952741345419128,-0.519240778783811,0.018637812566986503,0.0029699659603958928,0.014850993431350323,-0.010862566620196135,0.014692913158235952,0.0036466114465002267,0.013858327867356367,-0.0032450994984084295,-10.096956187268468,2.75859953993589,-0.6171872604498159,0.2956403054877792,-1.5707961192544937,1.304091535714045,1.0,-0.8614019117209837,-0.7981358476871792,0,zero,0,-0.2956403054877792,-0.20889737650507323,1.8405814947647885,1.424684160525527,1.2763983167655462,-0.3537601666341612,0.3388106356804837,1.8375080844848155,1.3721185400356213,1.4216157908290106,-0.052210930573774794,0.6140685136772492,-0.1392315088914789,0.12401667400808146,-0.1063505060193089,0.617200853953659,-1.8143030697268454,6.411362733608813,15.064073118045721,1.0,-0.54645836353302,-2.0754040264137075e-07,6.441793107825333e-07,0.0,0.0,0.0,1,-0.049410541498222264,2.0836124389927577,-9.0,-9.0,-0.049410541498222264,-0.35678994264633446,-3.582095020853072,-3.476823489460298,0.004791558758953817,-0.0027950074452767464,-0.002340555364704961,-0.01871631823916914,0.12137635743673264,0.3663199312452048,0.0,0.0,0.0,0.0,0.0,-0.0926505559689148,13.890749593285053,-30.0,-30.0,44.64259746462867,2.440402381639092,-5.417904979146928,-5.523176510539702,-0.0926505559689148,13.890749593285053,-78.5706851291934,-116.5567224171902,141.25078269056652,3.4899999999999696
0.0,0.0,0.0,0.0,0.0,0.0,0.0,0.0,0.0,0.0,0.0,0.0,0,0.0,-1.5707963267948966,nan,-0.09696155214125485,-0.3463539688869937,-0.11912273205296722,0.08582845139411632,-1.5707954303709382,-0.09292840255010267,-0.3281731815214152,1.294856084276813,-0.13355166994551668,0.4993685125175379,0.10631836307562897,0.33297939342281646,-0.3566371272353319,0.023558471375792592,0.0040331495911521825,0.018180787365578488,-0.014428937892549454,0.012696889169946964,0.0031343160120559195,0.011438503055053336,-0.004532957708827858,-1.8923992447841587,0.5297653161794272,-0.6299217284989568,0.351083007253411,-1.5707962587345672,1.2978381766123894,1.0,-0.8614019117209682,-0.7981358476871638,0,zero,0,-0.35108300725341124,-0.2652545558592947,1.846743290443055,1.4232870589144566,1.2776427469698566,-0.3548273278283527,0.4292898577555012,1.8437614688191153,1.3602909318466516,1.4592308278728814,0.029019187799905848,0.6182655724196862,-0.14018313368350135,0.12486430787019989,-0.10707739448714122,0.6299244200715158,-0.7396639207480608,1.842809277821448,3.06829707858338,1.0,-0.8138726949691772,-6.806032937234363e-08,8.283636292460983e-07,0.0,0.0,0.0,1,-0.060569824196552526,1.693466228118158,-9.0,-9.0,-0.060569824196552526,0.4295793318721734,-5.510492705125799,-5.569757247007062,0.004791558758953817,-0.0027950074452766966,-0.002340555364704916,-0.011454321088718038,0.05121136604707663,0.1284261926775917,0.0,0.0,0.0,0.0,0.0,-0.1135755188384634,11.289774854121054,-30.0,-30.0,43.902982992676286,1.2638868962459846,-3.489507294874201,-3.430242752992938,-0.1135755188384634,11.289774854121054,-59.94045257102133,-87.75466744414392,106.87006797184314,3.4999999999999694
0.0,0.0,0.0,0.0,0.0,0.0,0.0,0.0,0.0,0.0,0.0,0.0,0,0.0,-1.5707963267948966,nan,-0.09813042054923216,-0.34212847543302266,-0.1203951811422157,0.0849078571241928,-1.5707953854511263,-0.09491190518480042,-0.32741668688811,1.288653074773247,-0.1332307918132865,0.3903366928157035,-0.08146342267204426,-0.3468998820665814,0.15933272214786465,0.01978758359781744,0.00321851536443174,0.014711788544912674,-0.012835610671070807,0.005859905901781039,0.0015437223155973533,0.005303616042789413,-0.0019562912515067275,7.620513334622971,-2.185684235560231,-0.6387462105336452,0.3118987736513448,-1.5707961141619584,1.2914753644987882,1.0,-0.861401911720968,-0.7981358476871638,0,zero,0,-0.311898773651345,-0.22699091652715175,1.8529463024522257,1.421880612072659,1.278895501183882,-0.35590162727756025,0.3769870887934374,1.8501242908682385,1.3601815274895672,1.445893156789397,-0.023612133986783343,0.622311505073448,-0.14110049273336245,0.12568142045585504,-0.10777810943256469,0.6387373019016472,0.4995714996280018,-3.518445078700796,-10.946638684789056,1.0,-0.6289506554603577,-2.1263293792372906e-07,7.287108321207825e-07,0.0,0.0,0.0,1,0.0067008694591697586,0.6064757768740261,-7.730801407211911,-9.0,0.0067008694591697586,0.7362054884091208,-6.467780844075615,-6.735053946921514,0.004791558758953817,-0.0027950074452766957,-0.002340555364704916,0.006345969556356665,-0.044164197169844814,-0.17852068857818063,0.0,0.0,0.0,0.0,0.0,0.012564915543164745,4.043171845826841,-25.769338024039705,-30.0,39.754322766828864,-0.12972971153509472,-1.2630205631362958,-2.2649460530784857,0.012564915543164745,4.043171845826841,-25.769338024039705,-31.00713049853353,40.51972754600278,3.509999999999969
0.0,0.0,0.0,0.0,0.0,0.0,0.0,0.0,0.0,0.0,0.0,0.0,0,0.0,-1.5707963267948966,nan,-0.09729250319871546,-0.33116625414983814,-0.12479510163607932,0.08398137167239672,-1.5707953403299626,-0.09690210439021642,-0.3266428123046083,1.282410368258673,-0.13290776981654223,1.1580450660335635,-0.28281165559326943,-1.0188346699682826,0.47229424906078954,0.009296737189097544,0.0003903988084990456,0.0045234418452298475,-0.008112668180462912,0.0038324658242250642,-0.0008547500193194074,-0.0032507336861458073,0.0018411754941024677,14.69671134883477,-4.317595748403889,-0.6418202259280454,0.18341071914760976,-1.570795716128813,1.2850529804033182,0.5308074141682038,0.8223951017447263,0.7992929330073483,0,zero,0,-0.18341071914760976,-0.09942934747521281,1.859189011397787,1.4204651645017423,1.2801562725521987,-0.3569828018378971,0.1900851221390351,1.8565465878014107,1.3730804583947975,1.381659903831232,-0.20343452369555612,0.6262046959045054,-0.14198321969580607,0.126467685452989,-0.108452371026655,0.6417937325517733,1.796285837467576,-8.0352830836376,-21.55679729137938,1.0,-0.21196305751800537,-6.106660834781508e-07,3.7579885070471164e-07,0.0,0.0,0.0,1,0.1347564508680673,-1.4766398353963484,5.396375824375895,9.0,0.1347564508680673,0.4249288883719008,-4.346448659610606,-3.9869346545396898,0.002543394914675283,0.0026684412944281647,0.0023439485492880003,0.015545847397481079,-0.12439705590874106,-0.43289540526342146,0.0,0.0,0.0,0.0,0.0,0.25268413813625973,-9.84426556930899,17.987919414586315,30.0,36.339216539964085,-1.901568723768249,9.7428244839865,12.98693465453969,0.25268413813625973,-9.84426556930899,17.987919414586315,41.112707095456535,45.943371050187444,3.519999999999969
0.0,0.0,0.0,0.0,0.0,0.0,0.0,0.0,0.0,0.0,0.0,0.0,0,0.0,-1.5707963267948966,nan,-0.09546222661798452,-0.31739730875049393,-0.12667763676493532,0.08304922288691197,-1.570795295021757,-0.09889831548974891,-0.3258515597312413,1.2761294999530048,-0.1325826823371724,1.3708979416170197,-0.38264876802634323,-1.2977692825977216,0.22076226082258232,0.010869711568865466,-0.0034360888717643867,-0.008454250980747369,-0.005905045572237089,0.011558615287393001,-0.003115311396220898,-0.010799836560415523,0.0026944299090612047,15.143968159621373,-4.5546585058597975,-0.6388438566586723,0.021749327997647283,-1.5707952272652925,1.27864186348847,-0.6773728813748915,0.8614018997146384,0.7981358003624291,0,zero,0,-0.021749327997647505,0.061299894889264905,1.8654698820576265,1.4190410642920037,1.281424751022856,-0.35807058562429533,0.07865976901250349,1.8629574142145688,1.3963510186402628,1.2907160950701988,-0.43276917677937554,0.6299435951271565,-0.14283096317844374,0.12722278986840332,-0.10909991086207659,0.6388047436988785,2.5541261712355294,-9.28977396980844,-22.5497152218309,1.0,-0.17579859495162964,-1.0995296042537461e-06,-6.77564644391282e-08,0.0,0.0,0.0,1,0.2654962900238342,-4.303021804262818,9.0,9.0,0.2654962900238342,-0.5802206936143712,-0.6108124950247759,0.19336503170437946,-0.003245671962829646,0.0027950074063195257,0.0023405552259238276,0.022057663915781074,-0.15694089025276892,-0.49528538360510715,0.0,0.0,0.0,0.0,0.0,0.4978366585858507,-28.68681202841879,30.0,30.0,51.216999381967554,-3.7228011106484473,9.610812495024776,8.80663496829562,0.4978366585858507,-28.68681202841879,57.83912561960855,101.11983410765895,119.97402355549217,3.5299999999999687
0.0,0.0,0.0,0.0,0.0,0.0,0.0,0.0,0.0,0.0,0.0,0.0,0,0.0,-1.5707963267948966,nan,-0.09426841544550994,-0.30635230996746476,-0.12505259747448036,0.08211164086676281,-1.5707952495409085,-0.10089985168411739,-0.325042946328191,1.2698120202443555,-0.13225560864456876,1.0801784349608212,-0.3195347366843057,-1.023638537997884,-0.12979655978513083,0.021099744170772188,-0.006631436238607444,-0.01869063636072621,-0.007203011170088397,0.014645248025644413,-0.004199672912141666,-0.013999370711336157,0.0009293313995817048,10.125128326460327,-3.115535137322149,-0.6336172373912581,-0.10863032160201391,-1.5707948028042904,1.2722839219891098,-1.0,0.8614019117209785,0.7981358476871719,0,zero,0,0.10863032160201413,0.19074196246877673,1.8717873640415164,1.4176086629728994,1.2827006234805665,-0.35916471012472145,0.271124125895449,1.8693149719153808,1.4205188183349913,1.2095038123236175,-0.6201933230237068,0.6335267189040281,-0.14364338674175475,0.1279464340277592,-0.1097204719530828,0.6335841144610843,2.1579353786577786,-6.904494678708894,-15.340180579828452,1.0,-0.525114893913269,-1.5239906061559338e-06,-4.467366183646959e-07,0.0,0.0,0.0,1,0.32176937866716365,-4.5,9.0,9.0,0.32176937866716365,-1.7647304041470373,2.6205395508810505,3.4636535523853205,-0.004791558758953817,0.0027950074452767295,0.0023405553647049397,0.021032262594301073,-0.12904358516011807,-0.3721052224609649,0.0,0.0,0.0,0.0,0.0,0.603355294706851,-30.0,30.0,30.0,51.96502706255093,-2.7352695958529627,6.37946044911895,5.5363464476146795,0.603355294706851,-39.33378420072653,72.9484680881385,114.92411369202449,141.691712959737,3.5399999999999685
0.0,0.0,0.0,0.0,0.0,0.0,0.0,0.0,0.0,0.0,0.0,0.0,0,0.0,-1.5707963267948966,nan,-0.0948969145500087,-0.3016181030614162,-0.12355057715197026,0.08116885786393424,-1.5707952039018922,-0.10290602461220459,-0.3242170046458107,1.263459494029556,-0.13192662886264697,0.430680233265932,-0.13776738235884434,-0.3908265223668328,-0.11730405405883104,0.025397134465711825,-0.008009110062195887,-0.022598901584394537,-0.008376051710676707,0.012483009767092237,-0.003711661949583075,-0.011917331673344807,-0.00016218571093041048,2.0511069182860657,-0.6453072964143355,-0.6290678483483031,-0.16558463807626356,-1.5707945715923388,1.265980702312043,-1.0,0.861401911720968,0.798135847687164,0,zero,0,0.16558463807626378,0.2467534959401978,1.8781398924505965,1.4161683153635167,1.2839835738798928,-0.3602649043143926,0.36302665107932763,1.8756179678548788,1.433776921040091,1.1691892387548757,-0.7042041241186155,0.6369526493460732,-0.14442016889908565,0.1286383315755771,-0.11031380873551544,0.6290596240200528,0.6507596993247645,-1.8452084051078013,-3.3446735919946775,1.0,-0.7630695700645447,-1.755202557518487e-06,-6.323095531612921e-07,0.0,0.0,0.0,1,0.28951446593955876,-4.5,9.0,9.0,0.28951446593955876,-2.7155270795337563,4.864789718115329,5.563822260142149,-0.004791558758953817,0.0027950074452766957,0.0023405553647049162,0.011825135147829673,-0.05392528974219949,-0.134287749680258,0.0,0.0,0.0,0.0,0.0,0.5428735532337498,-30.0,30.0,30.0,51.96436001429057,-1.7844729204662437,4.135210281884671,3.4361777398578512,0.5428735532337498,-33.796912975803565,58.92887124300309,86.33706552822734,109.86003271612792,3.5499999999999683
0.0,0.0,0.0,0.0,0.0,0.0,0.0,0.0,0.0,0.0,0.0,0.0,0,0.0,-1.5707963267948966,nan,-0.0979140021766084,-0.30452824429924896,-0.12483759595012078,0.08022110818548844,-1.5707951581192503,-0.10491614491426299,-0.32337378279379525,1.257073500054678,-0.13159582393669783,0.420940272238102,0.10069673245412941,0.37533630898482495,0.16178237240996596,0.02120985548245127,-0.007002142737654593,-0.018845538494546288,-0.006758227986577048,0.005804826710727347,-0.0017999440595466735,-0.005433029894812359,0.0009687108372220905,-7.243948570953179,2.3290666703304637,-0.6265803291931745,-0.12904898995428904,-1.5707946219908935,1.2597139440340577,-1.0,0.861401911720968,0.7981358476871638,0,zero,0,0.12904898995428926,0.20927009813977726,1.884525888536858,1.414720379423045,1.2852732833784377,-0.3613708947699922,0.3090166712380829,1.8818848457564519,1.4283596791898363,1.1879443816529762,-0.6543305889036469,0.6402200345125747,-0.14516100311665106,0.12929820947523737,-0.11087968706680543,0.6266044598607261,-1.341038341698496,4.398762415209055,10.66688440889047,1.0,-0.5219608545303345,-1.7048040028555533e-06,-5.361283568205977e-07,0.0,0.0,0.0,0,0.2011270186360022,-2.5201951976962707,6.3558326541627945,8.954070233786531,0.2011270186360022,-3.0303113362935323,5.770050000089808,6.725212315996518,-0.004791558758953817,0.0027950074452766957,0.002340555364704916,-0.0113114390375464,0.055982080656676605,0.17268360147530093,0.0,0.0,0.0,0.0,0.0,0.3771367309881909,-16.80130131797514,21.186108847209315,29.84690077928844,40.27548450739908,0.5101161385972617,0.5857826540729869,2.2288579177900134,0.3771367309881909,-16.80130131797514,21.186108847209315,29.84690077928844,40.27548450739908,3.559999999999968
0.0,0.0,0.0,0.0,0.0,0.0,0.0,0.0,0.0,0.0,0.0,0.0,0,0.0,-1.5707963267948966,nan,-0.10331360445921461,-0.31454091710905674,-0.12696729920784353,0.07926862809568669,-1.5707951122075785,-0.10692952279676142,-0.32251334458881686,1.2506556302555496,-0.13126327560006543,1.1651340770128302,0.33862244001077874,1.0873111014786163,0.2462251594355147,0.009751403924890484,-0.0036159183375468057,-0.007972427479760125,-0.004295976392221901,0.004408443895413889,0.0010556518467309574,0.003620313215654652,0.002283267171853038,-14.248877582924715,4.680049018536627,-0.6295752373045721,-0.003952128403795996,-1.5707949269483819,1.2534444160362372,-0.2259676058596285,-0.8622144862238845,-0.7992820610470295,0,zero,0,0.003952128403795996,0.08322075649948246,1.890943760362627,1.4132652161012473,1.2865694304700313,-0.36248240578388585,0.11768016004528116,1.8881547701641623,1.406015635665951,1.262177572115626,-0.4773445946516184,0.6433275884111411,-0.14586559781353275,0.12992580800897954,-0.11141788422597215,0.6296172534704876,-2.6484999730273495,8.923700682727741,21.272978141345316,1.0,-0.17399920523166656,-1.3998465147047057e-06,-1.8525919642797817e-07,0.0,0.0,0.0,1,0.09185549335133433,0.29477289819635794,-9.0,-9.0,0.09185549335133433,-2.506348221349978,3.019428507545167,3.9770080353093418,-0.0010827370610965268,-0.0027976440214841436,-0.0023439166669648056,-0.022174061527538945,0.14068556823357267,0.4268997012741844,0.0,0.0,0.0,0.0,0.0,0.17223981502219077,1.9651526546423863,-30.0,-30.0,42.47224377767117,2.8011211195463357,-12.019428507545166,-12.977008035309343,0.17223981502219077,1.9651526546423863,-30.02339087729367,-42.309246244466394,51.91693181473248,3.569999999999968
0.0,0.0,0.0,0.0,0.0,0.0,0.0,0.0,0.0,0.0,0.0,0.0,0,0.0,-1.5707963267948966,nan,-0.1095953640415499,-0.32665684177453075,-0.12521930956876737,0.07831165571810583,-1.5707950661815184,-0.1089454685981309,-0.32163576968028534,1.2442074890982773,-0.13092906634065712,1.3748708061323198,0.4265813780965813,1.299349957400553,-0.1413780379667856,0.007631176282666235,0.0006498954434190074,0.005021072094245405,-0.005709756771889757,0.01162403032777684,0.0035413759305661548,0.011056306823069703,0.0005786337473953594,-14.846370045698162,4.980934167642476,-0.6401694782389667,0.1554652586583991,-1.5707953174825326,1.2470960110900433,0.8371809193296682,-0.8614019118419473,-0.7981358028306165,0,zero,0,-0.1554652586583991,-0.07715360294029328,1.8973919034600464,1.4118031891889316,1.2878716911179213,-0.3635991594783375,0.13631184495785206,1.8945035472734448,1.3787953876554764,1.356652062481711,-0.2506729799301919,0.646274090997709,-0.14653367636168008,0.13052088077790253,-0.11192818891362366,0.6402043784233225,-2.619052523547295,9.262272333004452,22.30286098850958,1.0,-0.1544351428747177,-1.0093123639087764e-06,2.5130101422021767e-07,0.0,0.0,0.0,1,-0.010767721491592233,1.8294972460162249,-9.0,-9.0,-0.010767721491592233,-1.4410849940839447,-0.713523017061337,-0.19967852873338354,0.004011401566843081,-0.0027950074456692393,-0.0023405552331618546,-0.023640634599212066,0.1594588591551294,0.4898276214528956,0.0,0.0,0.0,0.0,0.0,-0.02019073971796781,12.196648306774833,-30.0,-30.0,44.144746432447924,3.2705822401001696,-8.286476982938662,-8.800321471266617,-0.02019073971796781,12.196648306774833,-70.72980556094316,-102.60860549003522,125.21976662206185,3.5799999999999677
0.0,0.0,0.0,0.0,0.0,0.0,0.0,0.0,0.0,0.0,0.0,0.0,0,0.0,-1.5707963267948966,nan,-0.11489944410827849,-0.33524846233617855,-0.11996403196079186,0.07735043093776461,-1.5707950200557474,-0.11096329335464747,-0.3207411536539314,1.237730692919761,-0.13059327936727824,1.1179872390654708,0.32862553102120107,0.948623658800174,-0.4919490634596624,0.01841021967238878,0.003936150753631018,0.014507308682247144,-0.01062924740648638,0.014692927514811637,0.004543712321099505,0.013670833164822267,-0.002888791767883772,-9.966560212529577,3.4157595306589625,-0.6534287288626204,0.2850053471015275,-1.5707956365714832,1.2406175174248395,1.0,-0.8614019117209836,-0.7981358476871753,0,zero,0,-0.2850053471015275,-0.20765491616376286,1.9038687014905609,1.4103346651684217,1.28917973888796,-0.36472087591972485,0.33669026047049627,1.9009822297362096,1.3570866586381742,1.4340076991629573,-0.06548599910948329,0.6490583881765449,-0.14716497708591061,0.13108319470196542,-0.11241040125195723,0.653447285537852,-1.8122722436235064,6.4009613918241115,15.124328798605884,1.0,-0.5382398366928101,-6.902234135353069e-07,6.165157357962414e-07,0.0,0.0,0.0,1,-0.08079249786612622,2.0834545195789276,-9.0,-9.0,-0.08079249786612622,-0.342065598611587,-3.5932167065293363,-3.466790304115412,0.004791558758953817,-0.002795007445276746,-0.0023405553647049496,-0.018711769214752354,0.12119150712932499,0.3675310471883032,0.0,0.0,0.0,0.0,0.0,-0.15149540196160927,13.889696797192851,-30.0,-30.0,44.64243080271016,2.4255201181905144,-5.406783293470664,-5.533209695884588,-0.15149540196160927,13.889696797192851,-78.41538062574182,-116.6742421620583,141.26145026420107,3.5899999999999674
0.0,0.0,0.0,0.0,0.0,0.0,0.0,0.0,0.0,0.0,0.0,0.0,0,0.0,-1.5707963267948966,nan,-0.11824219582328196,-0.3377123872259352,-0.11617349183821332,0.07638519530323662,-1.570794973844962,-0.11298230936568374,-0.3198296081129578,1.2312268692682182,-0.1302559985758027,0.500710264030426,0.13237357039672104,0.33754704307302763,-0.34532593311029924,0.02336187471853697,0.0052598864575982285,0.01788277911297742,-0.014082506737589373,0.012718064801863894,0.003904721116992848,0.011344124623152211,-0.0042205641610229255,-1.9116086854849246,0.6692944305164832,-0.6643015440152382,0.3410958982313381,-1.570795764781574,1.2340123404590988,1.0,-0.8614019117209682,-0.7981358476871638,0,zero,0,-0.34109589823133835,-0.2647107029281015,1.910372526904399,1.408860013064029,1.2904932450817939,-0.36584727323275573,0.4276922848853715,1.9075874633584222,1.3453072625227545,1.4715538575287992,0.016371298386244112,0.6516793918002396,-0.14775925326390862,0.13161253001998593,-0.11286433278475827,0.6643052072567841,-0.7335861624860178,1.8384790351396,3.1302808029829574,1.0,-0.8055393695831299,-5.62013322547017e-07,7.909366122049732e-07,0.0,0.0,0.0,1,-0.08626341435752857,1.6837387140438556,-9.0,-9.0,-0.08626341435752857,0.4385728515957566,-5.517842206930914,-5.564031126079467,0.004791558758953817,-0.0027950074452766966,-0.002340555364704916,-0.011414812402512183,0.051118461571490366,0.12975248624447658,0.0,0.0,0.0,0.0,0.0,-0.1617540115460877,11.224924760292371,-30.0,-30.0,43.886502483502554,1.245165862448099,-3.482157793069086,-3.435968873920533,-0.1617540115460877,11.224924760292371,-59.790379210981556,-88.00423576879088,106.98439166381412,3.5999999999999672
0.0,0.0,0.0,0.0,0.0,0.0,0.0,0.0,0.0,0.0,0.0,0.0,0,0.0,-1.5707963267948966,nan,-0.11925458399850261,-0.3334279242497643,-0.11736438201034813,0.07541619192877769,-1.5707949275638748,-0.11500183075753724,-0.31890126073654934,1.2246976562436993,-0.12991730851517064,0.3823276725988492,-0.10071332166328578,-0.3356115599762455,0.1529580232766864,0.01966432879073649,0.004252753240965371,0.014526663513214966,-0.01255292650482251,0.005931656090289675,0.0019283123795118704,0.005315930773158362,-0.0017908197439942958,7.425375856004159,-2.655717458073168,-0.6713285976316214,0.3024074902682288,-1.5707956261304128,1.2273158679796772,1.0,-0.8614019117209681,-0.7981358476871638,0,zero,0,-0.3024074902682288,-0.22699129833945086,1.916901741600057,1.407379604292524,1.2918118788700519,-0.36697806771468366,0.37592279629716757,1.9142839245414642,1.3452575591973994,1.4582356534371468,-0.035685033405524716,0.6541360796697139,-0.14831627312622658,0.1321086802896419,-0.11328980647740132,0.6713159956987571,0.5048203677311758,-3.5109459823318154,-10.892130180490229,1.0,-0.624300479888916,-7.006644837659337e-07,6.985665379488637e-07,0.0,0.0,0.0,1,-0.010136232692057878,0.5947805371398988,-7.694321777372832,-9.0,-0.010136232692057878,0.7389205308945268,-6.46550781541469,-6.732001997862806,0.004791558758953817,-0.002795007445276696,-0.002340555364704916,0.00638653163844918,-0.044095057635430576,-0.17734315281863391,0.0,0.0,0.0,0.0,0.0,-0.019006624211621748,3.9652035809326582,-25.647739257909443,-30.0,39.66774167672914,-0.14413999375462805,-1.2288139619581422,-2.267998002137194,-0.019006624211621748,3.9652035809326582,-25.647739257909443,-31.287122492498533,40.649892540968935,3.609999999999967
0.0,0.0,0.0,0.0,0.0,0.0,0.0,0.0,0.0,0.0,0.0,0.0,0,0.0,-1.5707963267948966,nan,-0.11780230529615159,-0.3224968172715763,-0.12152993416999841,0.07444366539644309,-1.570794881227197,-0.11702117404504482,-0.31795625531557326,1.218144701838607,-0.12957729435322263,1.149236752935359,-0.3471621989858606,-0.9986101557211913,0.4505566321598292,0.009272910806553701,0.0007811312511067647,0.004540561956003053,-0.008047360183224217,0.003738729550580648,-0.0010270553057877972,-0.003107946487561703,0.0018066335216891608,14.3655728834079,-5.2473664840135426,-0.6727522773099418,0.17422495851298514,-1.5707952441113366,1.2205770620597758,0.5236512662428566,0.8229693378972487,0.7992981015737112,0,zero,0,-0.17422495851298514,-0.09978129311654182,1.9234546975837823,1.405893812513607,1.2931353074255338,-0.368112973949524,0.18959605565680573,1.9210225758961756,1.3581842701689748,1.3941994186177045,-0.21497710583588586,0.6564274955342165,-0.14883581985628458,0.1325714523874706,-0.1136866567168497,0.6727186553379563,1.7970872974809766,-8.006660089525797,-21.503512478919017,1.0,-0.21125131845474243,-1.0826835596944306e-06,3.628841396263738e-07,0.0,0.0,0.0,1,0.1269335927951441,-1.4872150174298302,5.402175614222879,9.0,0.1269335927951441,0.42283475369659373,-4.33961382116015,-3.985583293644262,0.002509105811403217,0.0026703045295798497,0.002343963706251271,0.01555881972519252,-0.1240065221983549,-0.4317809979750484,0.0,0.0,0.0,0.0,0.0,0.23801536245104837,-9.914766782865534,18.007252047409597,30.0,36.367848134998496,-1.910049771126424,9.74178943538303,12.985583293644261,0.23801536245104837,-9.914766782865534,18.007252047409597,40.84491702772178,45.72666207992652,3.619999999999967
0.0,0.0,0.0,0.0,0.0,0.0,0.0,0.0,0.0,0.0,0.0,0.0,0,0.0,-1.5707963267948966,nan,-0.11516642906669322,-0.30883292690205194,-0.12313009946541237,0.07346786165821251,-1.5707948348496323,-0.11903965869017526,-0.3169947517653507,1.211569663278214,-0.12923604184236676,1.366685074026115,-0.46543608745888004,-1.2702386819301803,0.19414178062698295,0.010904119640120785,-0.0038732296234820357,-0.00816182486329875,-0.0061059423769543875,0.011455168415479403,-0.0037809190024634446,-0.010521600202722435,0.0024942862902800327,14.804567328728556,-5.5206153155024555,-0.6682821147715815,0.012733702603818342,-1.5707947633980468,1.2138654226609147,-0.6827115447511978,0.8614019002019841,0.7981358006703282,0,zero,0,-0.012733702603818564,0.060734159054394166,1.9300297376290554,1.4044030134803795,1.2944631960564,-0.36925170492226944,0.0785465836248964,1.9277338446459682,1.381428658095351,1.3036607781902994,-0.4437626313162262,0.6585527490913226,-0.1493176915903699,0.13300066650886858,-0.11405472931165524,0.6682357331837356,2.549288574236194,-9.2430664785121,-22.494172249026192,1.0,-0.17630964517593384,-1.5633968497574813e-06,-7.145158553711894e-08,0.0,0.0,0.0,1,0.263386225026673,-4.308210303567102,9.0,9.0,0.263386225026673,-0.5846412112847298,-0.6049450734472042,0.19360686753774775,-0.0032712524820914923,0.002795007407900826,0.00234055522682675,0.022031210846920772,-0.15622099924083904,-0.49411667030590667,0.0,0.0,0.0,0.0,0.0,0.49388003942747616,-28.72140202378068,30.0,30.0,51.236343075057356,-3.7235690922823723,9.604945073447205,8.806393132462253,0.49388003942747616,-28.72140202378068,57.65907358383581,100.83235841429101,119.65323280897684,3.6299999999999666
0.0,0.0,0.0,0.0,0.0,0.0,0.0,0.0,0.0,0.0,0.0,0.0,0,0.0,-1.5707963267948966,nan,-0.11334088184684202,-0.2978775630245851,-0.12128909217455297,0.0724890279381123,-1.5707947884458637,-0.12105660765679212,-0.3160169261154228,1.2049742063611821,-0.12889363728508418,1.0796381624327034,-0.3842496186468064,-0.997753822753894,-0.1498602733576826,0.021128133482484414,-0.0077157258099501,-0.01813936309083769,-0.007604545110531213,0.014569836809375304,-0.0050732976491063885,-0.013641947634958573,0.0006626162844718762,9.888522604029923,-3.762434952378963,-0.6615916868981442,-0.11751902066899089,-1.570794336047286,1.2072220327042835,-1.0,0.8614019117209779,0.7981358476871725,0,zero,0,0.11751902066899067,0.19000804860710296,1.9366251959360756,1.402907584889817,1.2957952083393574,-0.3703939721331063,0.2702918764399714,1.9343767873503968,1.405524934501467,1.2229250172210002,-0.6306548563544143,0.6605110159869354,-0.14976170141763767,0.13339615616809197,-0.1143938814919586,0.6615537816050041,2.149787695522346,-6.859452146883151,-15.289779414352752,1.0,-0.5249550938606262,-1.9907476103142585e-06,-4.5239857771051106e-07,0.0,0.0,0.0,1,0.3196970022200108,-4.5,9.0,9.0,0.3196970022200108,-1.7690432884022178,2.62448361196313,3.4633526068952825,-0.004791558758953817,0.0027950074452767278,0.0023405553647049414,0.02097747114108013,-0.12827381159682477,-0.37100797521093093,0.0,0.0,0.0,0.0,0.0,0.599469345996645,-30.0,30.0,30.0,51.96498208887202,-2.7309567115977824,6.3755163880368695,5.536647393104717,0.599469345996645,-39.29807179603843,72.6005007667939,114.60516803584237,141.244026643594,3.6399999999999664
0.0,0.0,0.0,0.0,0.0,0.0,0.0,0.0,0.0,0.0,0.0,0.0,0,0.0,-1.5707963267948966,nan,-0.11374205727615853,-0.2931201112810857,-0.11969889364267713,0.07150741263433535,-1.57079474203054,-0.12307134796077274,-0.3150229704762832,1.19836000480008,-0.1285501674992745,0.4280400343256303,-0.1613564874664103,-0.3763496104359776,-0.12467287460661558,0.025399132947546844,-0.009329290684614203,-0.021902859195197466,-0.00885127385659737,0.012414618562998978,-0.0044500323124205005,-0.011583128376970082,-0.00038872031822726263,1.9815180970637334,-0.7688811573560206,-0.6555274378308747,-0.1742795937308248,-1.57079410069883,1.2006485224412236,-1.0,0.861401911720968,0.7981358476871638,0,zero,0,0.1742795937308248,0.24578700636515993,1.9432393987912422,1.4014079062332376,1.2971310062528516,-0.37153948571163026,0.36163734336318376,1.9409500460190845,1.418706025601081,1.1829312328323591,-0.7142281400258779,0.6623015378152861,-0.1501676773801105,0.13375776819825644,-0.1147039819094892,0.6555183197012068,0.6439752758192806,-1.8242448914172114,-3.3057341785689953,1.0,-0.7611168026924133,-2.226096066593186e-06,-6.413317099607241e-07,0.0,0.0,0.0,1,0.283013275247335,-4.5,9.0,9.0,0.283013275247335,-2.718769356853022,4.8674687886149375,5.563395713017651,-0.004791558758953817,0.0027950074452766957,0.002340555364704916,0.011773290175361537,-0.053483662546448554,-0.1334159063972117,0.0,0.0,0.0,0.0,0.0,0.5306830587799268,-30.0,30.0,30.0,51.96423408950503,-1.7812306431469782,4.1325312113850625,3.436604286982349,0.5306830587799268,-33.72203409218764,58.584270315698014,86.02571082283305,109.40748081744691,3.649999999999966
0.0,0.0,0.0,0.0,0.0,0.0,0.0,0.0,0.0,0.0,0.0,0.0,0,0.0,-1.5707963267948966,nan,-0.11702160308054485,-0.2958365666004597,-0.12104157796077783,0.07052326522136854,-1.5707946956182726,-0.1250832112146671,-0.31401309298309016,1.1917287395619016,-0.12820571978344183,0.4282404672466104,0.12676825504919637,0.37263328125670125,0.1687132033933364,0.021135291933206183,-0.008061608134122239,-0.018176526382630454,-0.007164141822664005,0.005707025919817904,-0.002117818217387317,-0.0052286096819530985,0.0008640784925931892,-7.104077849691799,2.8100405534121533,-0.6514784237497308,-0.13744193636675672,-1.5707941533537053,1.1941270464027702,-1.0,0.861401911720968,0.7981358476871637,0,zero,0,0.1374419363667565,0.20796520158812548,1.949870665226638,1.3999043586467759,1.2984702503102523,-0.3726879545310621,0.3073730908367758,1.9474716599026192,1.413251538103843,1.2016707465368752,-0.6641054739319673,0.6639236221189339,-0.1505354624726788,0.13408536275133728,-0.11498491063756529,0.6515060934611775,-1.3422428751451039,4.38066620755519,10.678071433356724,1.0,-0.5179831981658936,-2.173441191466452e-06,-5.422645674713067e-07,0.0,0.0,0.0,0,0.1877133626052835,-2.5120518990644554,6.308499804656528,8.872445322586064,0.1877133626052835,-3.031150055467275,5.762984895807204,6.70969852984653,-0.004791558758953817,0.0027950074452766957,0.0023405553647049154,-0.011329501163683949,0.055827998883770234,0.17309401135843674,0.0,0.0,0.0,0.0,0.0,0.35198455391952654,-16.747012660429704,21.028332682188427,29.57481774195355,39.968074084666064,0.5190981564028196,0.5455149088493245,2.162746792739534,0.35198455391952654,-16.747012660429704,21.028332682188427,29.57481774195355,39.968074084666064,3.659999999999966
0.0,0.0,0.0,0.0,0.0,0.0,0.0,0.0,0.0,0.0,0.0,0.0,0,0.0,-1.5707963267948966,nan,-0.1231404225041393,-0.30547755961404643,-0.12335283428579258,0.06953683615211315,-1.570794649223618,-0.12709153416608734,-0.31298751771642,1.1850820982085828,-0.12786038188172932,1.1735814970023126,0.4110496472174194,1.066656828025686,0.265659422672726,0.009608784490986556,-0.003951111661948045,-0.007509958102373593,-0.004507547595936745,0.0045104875386730746,0.0013261051188860427,0.00361890070119336,0.0023429683662165683,-13.922684886031705,5.6122241875977465,-0.6528767575516098,-0.012130950547983854,-1.5707944612818292,1.1876185815447504,-0.22434827696963938,-0.8621690085134074,-0.7992476142137135,0,zero,0,0.012130950547983854,0.081667786700097,1.9565173076795137,1.3983973247618526,1.2998125996930443,-0.373839086322464,0.11626840298622322,1.9539805817057778,1.3909248102827612,1.275523934506424,-0.4872680456984232,0.6653766423887655,-0.15086491464310045,0.1343788132981692,-0.1152365591710938,0.6529257040798307,-2.64573686530042,8.876783355582694,21.24231428893715,1.0,-0.17124497890472412,-1.8655130675782061e-06,-1.8794178879844026e-07,0.0,0.0,0.0,1,0.07083333333469705,0.2934119865550106,-8.963006782913041,-9.0,0.07083333333469705,-2.5060581055762765,3.0167951198942418,3.9566142953443064,-0.0010749779515700725,-0.0027974964590772714,-0.002343815650676979,-0.022156155966972624,0.13997171622521837,0.42640565055800916,0.0,0.0,0.0,0.0,0.0,0.13282080130263837,1.9560799103667375,-29.876689276376805,-30.0,42.38467237219332,2.799470092131287,-11.979801902807283,-12.956614295344306,0.13282080130263837,1.9560799103667375,-29.876689276376805,-42.45293101446006,51.94912707463594,3.6699999999999657
0.0,0.0,0.0,0.0,0.0,0.0,0.0,0.0,0.0,0.0,0.0,0.0,0,0.0,-1.5707963267948966,nan,-0.1302784446194333,-0.31715911982208783,-0.12184263034154164,0.06854837676001302,-1.5707946028610678,-0.12909565922901414,-0.31194648460017066,1.1784217742375205,-0.12751424194879837,1.3768671862675899,0.5133897052367206,1.2722593324290765,-0.1164064011319993,0.0077934411821819665,0.001182785390419161,0.005212635221917172,-0.005671611607256738,0.011720274243842753,0.004299059282016461,0.010875081727510453,0.0007845476789591415,-14.476308705402436,5.946268000354909,-0.6617663341752762,0.1472826489218182,-1.5707948441519086,1.1810475177149786,0.8372165632227684,-0.8614019118258575,-0.7981358061195679,0,zero,0,-0.1472826489218182,-0.07873427216180495,1.96317763265177,1.396887188555647,1.3011577123840141,-0.3749925877889547,0.13697265803283015,1.9605520955353937,1.3637216820449989,1.3695226765245292,-0.2610588506458793,0.6666600380639949,-0.1511559067920008,0.13463800662844627,-0.1154588304265703,0.6618085405347001,-2.618623251247386,9.217353986276139,22.248700672362055,1.0,-0.15685908496379852,-1.4826429879377656e-06,2.412908406412839e-07,0.0,0.0,0.0,1,-0.037084882776658584,1.8232941396196416,-9.0,-9.0,-0.037084882776658584,-1.441698965479367,-0.7118489135778294,-0.21530096211823202,0.004011572356651268,-0.0027950074456170324,-0.0023405552428067957,-0.023632199959292118,0.1586947010836946,0.4887568803303093,0.0,0.0,0.0,0.0,0.0,-0.06953850136257,12.155294264130944,-30.0,-30.0,44.13338888246388,3.2649931050990086,-8.28815108642217,-8.784699037881769,-0.06953850136257,12.155294264130944,-70.34976428052872,-102.53839410164471,124.94385784631811,3.6799999999999655
0.0,0.0,0.0,0.0,0.0,0.0,0.0,0.0,0.0,0.0,0.0,0.0,0,0.0,-1.5707963267948966,nan,-0.13620242891345247,-0.3253763940091498,-0.11679103707541189,0.06755813916117392,-1.5707945565450425,-0.13109493500721503,-0.3108902492767602,1.171749466422087,-0.12716738851456505,1.11146701462883,0.3924708515818276,0.9273509510472455,-0.4704739831896426,0.018536546398906357,0.005107493906237437,0.014486144732389628,-0.010376351439153164,0.014715641840039774,0.005472825603953424,0.013408662394365972,-0.0026088440863640755,-9.689065940099635,4.055763735855392,-0.6732172586114905,0.27659138712269504,-1.5707951468366854,1.1743637302344205,1.0,-0.8614019117209816,-0.7981358476871793,0,zero,0,-0.27659138712269504,-0.20903324796152134,1.9698499413694421,1.3953743352015677,1.30250524530044,-0.37614816471992635,0.336735986429979,1.967236138528399,1.3419900273122916,1.4465152941446404,-0.07648916836781759,0.667773314532164,-0.1514083267728729,0.13486284285072223,-0.11565163874207923,0.6732407545657051,-1.8164624234354505,6.370957446465348,15.05816953010951,1.0,-0.5412667393684387,-1.1799582111393647e-06,5.90291643121077e-07,0.0,0.0,0.0,1,-0.1074998702428292,2.081620864994399,-9.0,-9.0,-0.1074998702428292,-0.3434867277686822,-3.591250490185203,-3.4767635606062246,0.004791558758953817,-0.0027950074452767395,-0.0023405553647049613,-0.01873432812997034,0.120651527096124,0.36618182367386004,0.0,0.0,0.0,0.0,0.0,-0.20157485513375062,13.877472433295992,-30.0,-30.0,44.63882697337725,2.425107592763081,-5.408749509814797,-5.523236439393775,-0.20157485513375062,13.877472433295992,-78.02445369314032,-116.47118957815523,140.87575465431476,3.6899999999999653
0.0,0.0,0.0,0.0,0.0,0.0,0.0,0.0,0.0,0.0,0.0,0.0,0,0.0,-1.5707963267948966,nan,-0.139740837160545,-0.3275650534715947,-0.11309592597463497,0.06656637615649585,-1.5707945102898768,-0.13308871680898257,-0.3098190829598226,1.165066878152151,-0.1268199104487859,0.4921278482725034,0.15446264453249925,0.3259825779382497,-0.3347633034997771,0.023399100931939518,0.006652120351562429,0.017745970511772124,-0.013723984474150935,0.012671626445997935,0.004670035948719054,0.011092692680416398,-0.003963968986057088,-1.8138310058438796,0.7737775881780176,-0.6822520427881607,0.3322330725906497,-1.5707952641260055,1.167571383313273,1.0,-0.8614019117209682,-0.798135847687164,0,zero,0,-0.3322330725906495,-0.26566669643415386,1.9765325304421815,1.3938591509197233,1.3038548544272799,-0.3773055221052595,0.42702547231194127,1.974028572350732,1.3301428126178343,1.4838536361899322,0.0046436250262310965,0.6687160431291433,-0.15162207739207753,0.1350532353924104,-0.11581490987729383,0.682256581386431,-0.7419541868089821,1.8236185610911204,3.0536448298207346,1.0,-0.8054559826850891,-1.0626688911052895e-06,7.538361286307804e-07,0.0,0.0,0.0,1,-0.10970890307334533,1.689864852980175,-9.0,-9.0,-0.10970890307334533,0.43821955264637386,-5.516415981276705,-5.569561011281749,0.004791558758953817,-0.0027950074452766966,-0.0023405553647049162,-0.011468092459096945,0.05082964342358608,0.1281808638255511,0.0,0.0,0.0,0.0,0.0,-0.20571705057818362,11.2657656865345,-30.0,-30.0,43.89715020372959,1.251645300333801,-3.4835840187232954,-3.430438988718251,-0.20571705057818362,11.2657656865345,-59.48289495851536,-87.71516669566175,106.57919617402966,3.699999999999965
0.0,0.0,0.0,0.0,0.0,0.0,0.0,0.0,0.0,0.0,0.0,0.0,0,0.0,-1.5707963267948966,nan,-0.1404678450221034,-0.32310470791214174,-0.1142195176448644,0.0655733411337911,-1.5707944641098095,-0.13507636715240257,-0.30873327226463043,1.1583757167745927,-0.1264718969255114,0.38913142847544047,-0.12606424818615847,-0.3374534864260814,0.14716051935039498,0.01963993366146791,0.005391477869700845,0.01437143564751131,-0.012252379280646986,0.005855008432881278,0.002268913266773155,0.00513634780917952,-0.0016586402624162947,7.299344702327298,-3.17328380771095,-0.6874930740690419,0.2928892067900519,-1.5707951311729276,1.1607058002412571,1.0,-0.8614019117209681,-0.7981358476871638,0,zero,0,-0.2928892067900519,-0.22731586565626083,1.9832236925227404,1.3923420228273957,1.3052061949503604,-0.37846436424953966,0.3745275522676031,1.9808941214237128,1.3299912479621159,1.4704847202184013,-0.04822074135126554,0.6694878611391295,-0.1517970764088427,0.13520911099978328,-0.11594858101347584,0.6874765513924839,0.4936092567008151,-3.5085193870032354,-10.97419371988965,1.0,-0.6216049194335938,-1.195621968985705e-06,6.670631180760722e-07,0.0,0.0,0.0,1,-0.028942319630611023,0.6071328562571513,-7.631492672360877,-9.0,-0.028942319630611023,0.741469707020615,-6.45245669170978,-6.734533216856339,0.004791558758953817,-0.002795007445276696,-0.002340555364704916,0.006311454403622534,-0.044122563215396496,-0.17907088257070136,0.0,0.0,0.0,0.0,0.0,-0.05427024119747051,4.047552375047675,-25.43830890786959,-30.0,39.541031670658654,-0.1343368507634637,-1.179035980651097,-2.265466783143661,-0.05427024119747051,4.047552375047675,-25.43830890786959,-30.913549369672996,40.23854769013465,3.709999999999965
0.0,0.0,0.0,0.0,0.0,0.0,0.0,0.0,0.0,0.0,0.0,0.0,0,0.0,-1.5707963267948966,nan,-0.13825393764280247,-0.3121123867995895,-0.11812967284574435,0.06457928796991697,-1.570794418018975,-0.13705725626038243,-0.30763311901653395,1.1516776929338204,-0.12612343738739623,1.1557988671194503,-0.41947964872807997,-0.9892167864455736,0.4258614738995109,0.00924100415272719,0.001196681382420045,0.004479267783055574,-0.007993764541651877,0.003827961965025013,-0.001281653769722637,-0.003164945120795338,0.0017302539705452771,14.062876055150964,-6.229193567052323,-0.6872191490731936,0.16388491591321475,-1.5707947646691884,1.1538153143803604,0.5281221782174692,0.823773909013857,0.799292896664137,0,zero,0,-0.16388491591321497,-0.09930562794329756,1.9899217169664547,1.3908233387895093,1.306558921389565,-0.3796243948862727,0.18768486597465853,1.9877843824538994,1.342797587669558,1.4066165428862982,-0.22828689019266435,0.6700884717946486,-0.15193325653526454,0.13533040973797333,-0.11605260075347609,0.6871780461732191,1.7846718751604478,-7.97956174311469,-21.575637519694162,1.0,-0.20935431122779846,-1.5621257078990425e-06,3.466502134230609e-07,0.0,0.0,0.0,1,0.11217933935674189,-1.4752065235027487,5.421053428614675,9.0,0.11217933935674189,0.42841542628576945,-4.3200886340082585,-3.9864793566579073,0.0025305284488356832,0.002672915137044932,0.002343948442710532,0.015473074549698651,-0.12365194652970814,-0.4333678887561007,0.0,0.0,0.0,0.0,0.0,0.21034940813189928,-9.834710156684991,18.07017809538225,30.0,36.377150893635644,-1.9036219497885183,9.741142062622934,12.986479356657908,0.21034940813189928,-9.834710156684991,18.07017809538225,41.27693800479408,46.120307004506714,3.7199999999999647
0.0,0.0,0.0,0.0,0.0,0.0,0.0,0.0,0.0,0.0,0.0,0.0,0,0.0,-1.5707963267948966,nan,-0.13466209258321696,-0.2984682051333388,-0.11937202068371844,0.06358447093289721,-1.570794372031394,-0.13903076254467836,-0.3065189400377304,1.1449745199122883,-0.12577462150988244,1.380238765206081,-0.5565351343881447,-1.253000268744714,0.159116371548787,0.011175549519918915,-0.004368669961461402,-0.008050734904391565,-0.006402600826164007,0.011607862824835093,-0.004556605417044814,-0.010444812442330616,0.002210366367388434,14.484555452444205,-6.534961729103474,-0.681100102710601,0.001497482559319474,-1.570794291430178,1.1469688272873737,-0.6790904097356565,0.8614019013098347,0.7981358003602982,0,zero,0,-0.001497482559319252,0.06208698837357751,1.9966248904907267,1.3893034872691032,1.3079126877320226,-0.38078531729210097,0.0808596136595129,1.9946304144369116,1.3659129695178704,1.3164901925155088,-0.4576853125941488,0.6705176442765532,-0.15203056543630633,0.13541708499097221,-0.1161269291217339,0.6810460763769812,2.536069220408301,-9.194105222846515,-22.54854061502748,1.0,-0.18140076100826263,-2.0353647185444856e-06,-8.060121592379232e-08,0.0,0.0,0.0,1,0.25049168788441856,-4.299113610976797,9.0,9.0,0.25049168788441856,-0.5772125651464215,-0.5885299535050317,0.19340034660172134,-0.003253901600890421,0.00279500741149549,0.0023405552259175783,0.02193977432240096,-0.15547677982836755,-0.4953305328325221,0.0,0.0,0.0,0.0,0.0,0.4697012711127293,-28.660757406511983,30.0,30.0,51.20214482225346,-3.721901045830376,9.58852995350503,8.806599653398278,0.4697012711127293,-28.660757406511983,57.47941408295082,101.24092779857676,119.89690629551278,3.7299999999999645
0.0,0.0,0.0,0.0,0.0,0.0,0.0,0.0,0.0,0.0,0.0,0.0,0,0.0,-1.5707963267948966,nan,-0.13206469684216215,-0.28750946595357546,-0.11721474023161393,0.06258914458405473,-1.5707943261609598,-0.14099627307818566,-0.30539106691273654,1.1382679129710107,-0.12542553916525406,1.0987976221904467,-0.4562906274562101,-0.9830866054769516,-0.18081981074761222,0.02160883907226939,-0.008931576236023503,-0.01788160095916108,-0.008210798933640129,0.01479767007038199,-0.006068933159143886,-0.01349323754565078,0.0002676384844578182,9.689924490609307,-4.45087068067221,-0.6727345389273535,-0.12962303043224876,-1.5707938604512939,1.1402073730236888,-1.0,0.8614019117209765,0.798135847687172,0,zero,0,0.12962303043224876,0.19221217501630328,2.0033314978345094,1.387782857177803,1.3092671475652966,-0.3819468344010192,0.27306393301474463,2.001391353331788,1.3898747632341726,1.236275331617892,-0.6450589133456033,0.670775213714024,-0.15208896572979905,0.1354691034616311,-0.11617153756427737,0.6726915382232518,2.1363697328094977,-6.8086449482802935,-15.335526616383797,1.0,-0.5406429767608643,-2.4663436026806096e-06,-4.657096659421711e-07,0.0,0.0,0.0,1,0.30620486072361763,-4.5,9.0,9.0,0.30620486072361763,-1.7622449539763934,2.635720823207401,3.463530761614632,-0.004791558758953817,0.002795007445276723,0.00234055536470494,0.02088304128575945,-0.12742029336361393,-0.37198798479868017,0.0,0.0,0.0,0.0,0.0,0.5741699994817506,-30.0,30.0,30.0,51.9646963927271,-2.7377550460236066,6.364279176792599,5.536469238385369,0.5741699994817506,-39.20516410489684,72.20823548133659,114.95115160745594,141.29816379163842,3.7399999999999642
0.0,0.0,0.0,0.0,0.0,0.0,0.0,0.0,0.0,0.0,0.0,0.0,0,0.0,-1.5707963267948966,nan,-0.13210686958997656,-0.28261292802857935,-0.11546091517726703,0.061593563680133245,-1.570794280421432,-0.14295318405476415,-0.3042498457329574,1.1315595886900818,-0.12507628038656973,0.44431332147850483,-0.19147382287640902,-0.3755316745216952,-0.1404566275662572,0.02604330995329428,-0.010846314464787593,-0.021636917704378034,-0.009615365209302701,0.012671302939648382,-0.0053130441251998,-0.011478720201596168,-0.0007566127447311746,1.9841942837201019,-0.927481038147498,-0.6649550533039021,-0.18711410557274433,-1.570793621045491,1.1335328934757682,-1.0,0.861401911720968,0.7981358476871638,0,zero,0,0.18711410557274455,0.24870766925287757,2.0100398224177893,1.3862618377262916,1.3106219542105733,-0.38310864891859037,0.3646561627028515,2.008065549956562,1.4029305190149948,1.1966726105195218,-0.7290969744180089,0.6708610811845688,-0.15210843498644117,0.1354864451716606,-0.1161864089487233,0.6649448210079247,0.6323096817969281,-1.7956931239639802,-3.353647602722011,1.0,-0.7852917909622192,-2.7057494058624343e-06,-6.593759414030842e-07,0.0,0.0,0.0,1,0.26739263088592663,-4.5,9.0,9.0,0.26739263088592663,-2.7137526534573375,4.874864589385654,5.563938216258298,-0.004791558758953817,0.0027950074452766957,0.002340555364704916,0.011688170461648904,-0.052921997172646486,-0.13440681165238527,0.0,0.0,0.0,0.0,0.0,0.5013925199436089,-30.0,30.0,30.0,51.963943215070344,-1.7862473465426625,4.125135410614346,3.4360617837417022,0.5013925199436089,-33.58364494811615,58.169631001731574,86.35241787113254,109.40090788256049,3.749999999999964
0.0,0.0,0.0,0.0,0.0,0.0,0.0,0.0,0.0,0.0,0.0,0.0,0,0.0,-1.5707963267948966,nan,-0.13552458363658546,-0.28500198325983755,-0.11686129759411687,0.060597983075430406,-1.5707942348264252,-0.14490090123590577,-0.3030956368208004,1.124851264309189,-0.12472693533147691,0.421629669266365,0.14699968654672824,0.35432641434152146,0.1749727471942658,0.021844081301873253,-0.00937631759932031,-0.01809365356096282,-0.007865637737360043,0.005904755738853096,-0.0025575050217012257,-0.0052809573618669906,0.0006609067571408406,-6.878459697818873,3.2707920279142457,-0.6591756433905153,-0.15070417246016943,-1.5707936782094436,1.1269277595412592,-1.0,0.8614019117209679,0.7981358476871638,0,zero,0,0.15070417246016943,0.21130215553559983,2.0167481470010697,1.38474081827478,1.31197676085585,-0.38427046343616156,0.310779861258761,2.01467083932564,1.397380451229459,1.2154935033102632,-0.679416236993906,0.6707752137140254,-0.15208896572979932,0.13546910346163135,-0.11617153756427759,0.6592067984774473,-1.3501370718924042,4.3748755546000275,10.641250586288507,1.0,-0.5409706234931946,-2.648585453179919e-06,-5.566169818393973e-07,0.0,0.0,0.0,0,0.16918749826765744,-2.4882399620467024,6.239272246494438,8.979502997618178,0.16918749826765744,-3.023769785639662,5.754573703391076,6.730473288150254,-0.004791558758953817,0.0027950074452766953,0.002340555364704916,-0.011391012907886201,0.05584597043542786,0.17220387928803252,0.0,0.0,0.0,0.0,0.0,0.31724638715105463,-16.588266413644682,20.79757415498146,29.931676658727262,40.046417894922435,0.5355298235929595,0.48469854310336213,2.2490297094679246,0.31724638715105463,-16.588266413644682,20.79757415498146,29.931676658727262,40.046417894922435,3.759999999999964
0.0,0.0,0.0,0.0,0.0,0.0,0.0,0.0,0.0,0.0,0.0,0.0,0,0.0,-1.5707963267948966,nan,-0.14227290516520016,-0.2941901890623645,-0.11946804717538922,0.05960265762392147,-1.570794189389401,-0.14683884038356132,-0.3019288144338096,1.118144657068132,-0.12437759424591582,1.1794272316988816,0.4810382380959155,1.0355028189517723,0.2956090666833444,0.010239030202883513,-0.004565935218361156,-0.007738625371445096,-0.004909547070526599,0.004409551356039748,0.0014992647162970817,0.0033767374547165104,0.0024070713811462415,-13.546778211293882,6.5512108005899385,-0.6588634805821333,-0.025260973497710282,-1.5707939938853477,1.120352793729605,-0.21847422204005798,-0.8621380553163929,-0.7992928218956222,0,zero,0,0.025260973497710282,0.08486363112163176,2.0234547543448524,1.3832201881834798,1.313331220689124,-0.3854319805450798,0.12003683630488858,2.02124632547609,1.3750005715886713,1.2891474637678195,-0.5026989781028917,0.6705176442765554,-0.1520305654363068,0.13541708499097263,-0.11612692912173427,0.6589195148532512,-2.64939938886649,8.851438385433791,21.249746444245744,1.0,-0.18243169784545898,-2.3329095490964846e-06,-1.9550405339074928e-07,0.0,0.0,0.0,1,0.0496702137530726,0.3152446789276034,-8.951791948944766,-9.0,0.0496702137530726,-2.4945099267955784,3.0052991380417415,3.984112128681586,-0.0010468320722216609,-0.002797396024640183,-0.0023439482234498023,-0.022187539154197224,0.1395835810374073,0.4263454619559824,0.0,0.0,0.0,0.0,0.0,0.09313747187900356,2.1016311928506894,-29.839306496482553,-30.0,42.365194918121844,2.8097546057231817,-11.957091086986509,-12.984112128681586,0.09313747187900356,2.1016311928506894,-29.839306496482553,-42.134535319037454,51.673289105704036,3.7699999999999636
0.0,0.0,0.0,0.0,0.0,0.0,0.0,0.0,0.0,0.0,0.0,0.0,0,0.0,-1.5707963267948966,nan,-0.1502253993398803,-0.30545788269338986,-0.11834634348046058,0.05860784208139358,-1.5707941441236575,-0.14876642767848408,-0.30074976644933327,1.1114414835473332,-0.12402834742771426,1.384982199810569,0.6024906879757375,1.2446741615501689,-0.07724568767270845,0.0075219761853460585,0.001458971661396219,0.004708116244056593,-0.005682003947253683,0.011710856596232486,0.005007252146670283,0.010530348561387185,0.001087817692850497,-14.112540764087772,6.940476642546951,-0.6660742497627379,0.13478078428734364,-1.5707943745989932,1.1137319798045122,0.8401644630438438,-0.8614019118161677,-0.7981358017565906,0,zero,0,-0.13478078428734364,-0.07617294220595028,2.0301579278691246,1.3817003366630738,1.3146849870315815,-0.3865929029509081,0.13423249889636552,2.0278676707531886,1.3477897731803514,1.382913005909515,-0.27610249790783525,0.6700884717946518,-0.1519332565352653,0.135330409737974,-0.11605260075347666,0.6661239863948234,-2.617187316709648,9.19748548716023,22.307152748215085,1.0,-0.15193666517734528,-1.9521959035984082e-06,2.3047533570519363e-07,0.0,0.0,0.0,1,-0.05916427612565142,1.8343699483901528,-9.0,-9.0,-0.05916427612565142,-1.428445239970641,-0.7200128706952381,-0.19442130627653342,0.004025697391859461,-0.002795007445585592,-0.0023405552300122443,-0.02363045507082748,0.1583361482217187,0.4897945782197456,0.0,0.0,0.0,0.0,0.0,-0.11093995148256408,12.229132989267686,-30.0,-30.0,44.15386734298628,3.262815188360794,-8.279987129304763,-8.805578693723467,-0.11093995148256408,12.229132989267686,-70.1839764283038,-102.4394905275216,124.77661547008286,3.7799999999999634
0.0,0.0,0.0,0.0,0.0,0.0,0.0,0.0,0.0,0.0,0.0,0.0,0,0.0,-1.5707963267948966,nan,-0.15675781946278033,-0.3134072904973718,-0.11359142854951693,0.057613791007570914,-1.5707940990423188,-0.15068310012345693,-0.2995588940302746,1.1047434590083598,-0.12367928519008159,1.1147259176010655,0.461574767792719,0.9140280223040642,-0.440585269331098,0.018178150383414853,0.006074719339323409,0.013848396467097235,-0.010087856640564663,0.014739415075152626,0.006403998887318135,0.01309058372071551,-0.0022081152279268997,-9.474997717200209,4.739056169548162,-0.6758446682017081,0.26496031578554136,-1.5707946660700811,1.107015132419868,1.0,-0.8614019117209807,-0.798135847687174,0,zero,0,-0.26496031578554113,-0.20734652477797066,2.036855952312839,1.3801816526251873,1.3160377134707861,-0.38775293358764107,0.33437714182307615,2.034584842343403,1.326108915728102,1.4597784757133732,-0.09073837598540002,0.6694878611391344,-0.15179707640884385,0.1352091109997843,-0.1159485810134767,0.6758733016565157,-1.809105249164563,6.362945036698005,15.147903599641337,1.0,-0.5297294855117798,-1.6607248154443255e-06,5.670277625213771e-07,0.0,0.0,0.0,1,-0.12894230364492504,2.0795127410666345,-9.0,-9.0,-0.12894230364492504,-0.33257418635727,-3.5967305153554308,-3.4637075237566295,0.004791558758953817,-0.002795007445276737,-0.0023405553647049457,-0.018690214400617383,0.12048481491132604,0.36798870482907886,0.0,0.0,0.0,0.0,0.0,-0.2417819307049035,13.863418273777565,-30.0,-30.0,44.634659455805476,2.4120869274239043,-5.40326948464457,-5.5362924762433705,-0.2417819307049035,13.863418273777565,-77.89885531276667,-116.64386337654554,140.94777524736352,3.789999999999963
0.0,0.0,0.0,0.0,0.0,0.0,0.0,0.0,0.0,0.0,0.0,0.0,0,0.0,-1.5707963267948966,nan,-0.16048712059446243,-0.3154763354953243,-0.11000892377538235,0.05662075866824523,-1.5707940541583314,-0.15258830593081776,-0.29835661127250473,1.0980522967344346,-0.12333049782500508,0.4948316614689791,0.1824095324321262,0.32713277557223086,-0.3233717409058062,0.023085505533030546,0.007898814663644671,0.017119724222819543,-0.013321574049622725,0.012714620372285957,0.005475704784011217,0.010888669313042266,-0.003621478830659851,-1.83049087098017,0.9311828334281917,-0.6831752581333163,0.3214677883649151,-1.570794776860829,1.1002066669413517,1.0,-0.861401911720968,-0.7981358476871638,0,zero,0,-0.32146778836491485,-0.2648470296966696,2.043547114393398,1.3786645245328597,1.3173890539938666,-0.3889117757319212,0.42547509272901535,2.041393425817895,1.3143507115389095,1.4971058010856317,-0.008661804750702431,0.6687160431291496,-0.15162207739207892,0.13505323539241162,-0.1158149098772949,0.6831808854951441,-0.732439226583524,1.8269299955379665,3.148216395905165,1.0,-0.79395592212677,-1.5499340673130746e-06,7.227024978462282e-07,0.0,0.0,0.0,1,-0.1303004475088076,1.6816577042914629,-9.0,-9.0,-0.1303004475088076,0.4443614199116385,-5.520059690159615,-5.562246019514901,0.004791558758953817,-0.0027950074452766957,-0.002340555364704916,-0.011402639399407555,0.05084768826879184,0.1301869563190045,0.0,0.0,0.0,0.0,0.0,-0.24432860961711533,11.211051361943086,-30.0,-30.0,43.88333817190305,1.2372962843798243,-3.4799403098403854,-3.437753980485099,-0.24432860961711533,11.211051361943086,-59.4207522148411,-88.06980070586526,106.83100186396257,3.799999999999963
0.0,0.0,0.0,0.0,0.0,0.0,0.0,0.0,0.0,0.0,0.0,0.0,0,0.0,-1.5707963267948966,nan,-0.16092501282495733,-0.3110351204294974,-0.11105241711681876,0.05562899893740836,-1.5707940094844497,-0.1544815048937163,-0.29714334483455007,1.091369707370954,-0.12298207556655741,0.38046023533034595,-0.14553067324036273,-0.32279486278722347,0.13919155998840804,0.019411774116956968,0.006443507931241044,0.013891775594947309,-0.011929658449738645,0.005945657392033946,0.00267552999255593,0.005098124040123426,-0.0014837494242280844,7.014519253135673,-3.6291437258948673,-0.6867135347694701,0.2828250670976322,-1.570794652499464,1.093342045835577,1.0,-0.861401911720968,-0.7981358476871638,0,zero,0,-0.2828250670976322,-0.22719606816022386,2.0502297034661376,1.3771493402510153,1.3187386631207068,-0.3900691331172545,0.37382833232889884,2.048257992099202,1.3142879796110796,1.483845682581893,-0.06062739946890434,0.6677733145321709,-0.15140832677287447,0.13486284285072364,-0.11565163874208044,0.6866934373422212,0.5016078311051568,-3.491912510825153,-10.888038604754867,1.0,-0.6149625778198242,-1.6742954325188464e-06,6.430150145675384e-07,0.0,0.0,0.0,1,-0.04929646559854558,0.6017874095101755,-7.63529792366243,-9.0,-0.04929646559854558,0.7434373946484009,-6.45571426997859,-6.730799364958107,0.004791558758953817,-0.0027950074452766957,-0.002340555364704916,0.006371391134132005,-0.0439032219739305,-0.1772150164403017,0.0,0.0,0.0,0.0,0.0,-0.09243665028791595,4.01191606340117,-25.450993078874767,-30.0,39.54563267587236,-0.14164998513822535,-1.1795836536838396,-2.2692006350418934,-0.09243665028791595,4.01191606340117,-25.450993078874767,-31.324289723500545,40.55944021330701,3.8099999999999627
0.0,0.0,0.0,0.0,0.0,0.0,0.0,0.0,0.0,0.0,0.0,0.0,0,0.0,-1.5707963267948966,nan,-0.15795998869005304,-0.3002304293080528,-0.11472684159949753,0.054638765199381156,-1.5707939650332334,-0.15636216874057163,-0.29591953355019085,1.0846973982660024,-0.12263410855411641,1.1465320920464888,-0.4845687981759633,-0.9580879837085332,0.4022391495119765,0.009146678168478483,0.0015978199494814105,0.004310895757861977,-0.00790726695461888,0.0037201592704054665,-0.0014442158995619033,-0.0029832239072147956,0.0016894379396883517,13.575092148391027,-7.1421187322809825,-0.6847406146548017,0.1543114376685848,-1.5707943025960696,1.086469532129151,0.5251836413105694,0.8226278898316127,0.7992997062352645,0,zero,0,-0.1543114376685848,-0.09967267246920386,2.0569020121838095,1.3756364868969357,1.3200861960371326,-0.3912247100482261,0.1878598376309626,2.055130215285221,1.327154731706741,1.4202433554636018,-0.23987662727285486,0.666660038064004,-0.15115590679200286,0.1346380066284481,-0.11545883042657187,0.6846925576228128,1.789399073458674,-7.946489851440354,-21.496356036421243,1.0,-0.20814688503742218,-2.0241988272218236e-06,3.375628363500027e-07,0.0,0.0,0.0,1,0.09120132810934736,-1.4756628069979574,5.380392798681066,9.0,0.09120132810934736,0.428414930792059,-4.33089147640336,-3.9849151928177315,0.0025164482765809184,0.002669196626436564,0.00234396841196549,0.015510466251643587,-0.12316453217969359,-0.431673403891045,0.0,0.0,0.0,0.0,0.0,0.17101317852868436,-9.83775204665305,17.93464266227022,30.0,36.31063230325216,-1.9040777377900164,9.711284275084425,12.98491519281773,0.17101317852868436,-9.83775204665305,17.93464266227022,40.8725744877965,45.70590075168033,3.8199999999999625
0.0,0.0,0.0,0.0,0.0,0.0,0.0,0.0,0.0,0.0,0.0,0.0,0,0.0,-1.5707963267948966,nan,-0.1534449394585981,-0.2868893462348926,-0.11569461823599808,0.053650310250942246,-1.5707939208170352,-0.15822978147223873,-0.2946856280246386,1.0780370728108661,-0.12228668679550661,1.3749613402684768,-0.6382661963122038,-1.2107177547607983,0.13151983951103507,0.011275286725129724,-0.004784842013640628,-0.007796281789746007,-0.006592068559508529,0.011488273977327209,-0.005208699785661645,-0.010042493597355064,0.001999551916821468,13.986454266846946,-7.480611865542194,-0.6768606782019957,-0.0077426345529940654,-1.570793837320193,1.0796583103922128,-0.6802460080368578,0.8614019007926371,0.7981358007680908,0,zero,0,0.0077426345529940654,0.06139294480393609,2.063562337156066,1.3741263506907302,1.3214313087281024,-0.39237821151471686,0.08031129433990755,2.061940903817105,1.350301434935438,1.3305096013803872,-0.4685177737951193,0.6653766423887749,-0.1508649146431026,0.13437881329817108,-0.11523655917109542,0.6767995824695711,2.538386011858952,-9.152791630173041,-22.475695957540523,1.0,-0.18284228444099426,-2.4894747037151888e-06,-8.349684232911159e-08,0.0,0.0,0.0,1,0.22869418064008085,-4.293813506595935,9.0,9.0,0.22869418064008085,-0.576855436203623,-0.6009956637731537,0.1936945403301265,-0.0032594387180523744,0.002795007409817329,0.002340555227113441,0.021958108254452144,-0.15481024324003204,-0.4937606585862567,0.0,0.0,0.0,0.0,0.0,0.42882839047455623,-28.625423377306234,30.0,30.0,51.18201595598309,-3.716958070392312,9.600995663773153,8.806305459669874,0.42882839047455623,-28.625423377306234,57.17532486601863,100.83659865451871,119.4011564393987,3.8299999999999623
0.0,0.0,0.0,0.0,0.0,0.0,0.0,0.0,0.0,0.0,0.0,0.0,0,0.0,-1.5707963267948966,nan,-0.1501193835674272,-0.27620046490985356,-0.11334016693833537,0.052663886203464294,-1.5707938768479932,-0.16008383968141904,-0.2934420902149894,1.0713904297805508,-0.12193990013006653,1.09578115345972,-0.5179614100351199,-0.9445343515389837,-0.20076646322226277,0.021691460065641786,-0.009964456113991826,-0.017241625305135844,-0.008599733191731157,0.0146965026820446,-0.006913306846071835,-0.012968937905127287,-5.398921474502813e-06,9.344190542080266,-5.078609637011159,-0.6666638251338418,-0.1385875862177144,-1.5707934036593054,1.0729501407453363,-1.0,0.8614019117209769,0.7981358476871726,0,zero,0,0.1385875862177146,0.1912514724211789,2.070208979608942,1.372619316805807,1.3227736581108942,-0.3935293433061187,0.27146921298577636,2.068648496210843,1.3742865907040878,1.2506537485272788,-0.6552334459298268,0.6639236221189451,-0.15053546247268135,0.13408536275133956,-0.11498491063756723,0.6666161934251471,2.1392429300454543,-6.779448472433713,-15.27534646635717,1.0,-0.5411080718040466,-2.9231355913594825e-06,-4.731886877884506e-07,0.0,0.0,0.0,1,0.28460558314732526,-4.5,9.0,9.0,0.28460558314732526,-1.7615168422025302,2.62626460746453,3.4632522060263087,-0.004791558758953817,0.0027950074452767247,0.002340555364704942,0.020900070986126874,-0.12687592293838104,-0.37065712123304206,0.0,0.0,0.0,0.0,0.0,0.5336688227026538,-30.0,30.0,30.0,51.96426466729155,-2.7384831577974698,6.37373539253547,5.536747793973691,0.5336688227026538,-39.13248951916121,71.81523600660232,114.55294021360373,140.75311993929316,3.839999999999962
0.0,0.0,0.0,0.0,0.0,0.0,0.0,0.0,0.0,0.0,0.0,0.0,0,0.0,-1.5707963267948966,nan,-0.1498432288820503,-0.2714058861723768,-0.11152327163293355,0.051679744385042525,-1.5707938331380287,-0.1619238528538931,-0.2921893929956557,1.064759162674293,-0.12159383819164576,0.4380233085646221,-0.21161678578509868,-0.3541881518143053,-0.14708333669810614,0.0260636133764257,-0.012080623971842813,-0.020783506823278897,-0.010070566558712218,0.012562021989348254,-0.006009014549619177,-0.010987765888248551,-0.0009824160973720044,1.8829414867489005,-1.0395446126678056,-0.6570274586070437,-0.19573881794486558,-1.5707931614694817,1.0663474373523762,-1.0,0.861401911720968,0.7981358476871638,0,zero,0,0.19573881794486558,0.2474185623299081,2.0768402460443376,1.3711157692193454,1.3241129021682951,-0.39467781212555053,0.3625239087594378,2.075250889819171,1.3873952434639862,1.2111617666691428,-0.7387680300579714,0.6623015378152984,-0.15016767738011333,0.13375776819825896,-0.11470398190949135,0.6570163798043251,0.6396720140317804,-1.7987347709588648,-3.3099071677024794,1.0,-0.7828211784362793,-3.1653254151109422e-06,-6.716685470031791e-07,0.0,0.0,0.0,1,0.246875747457764,-4.5,9.0,9.0,0.246875747457764,-2.713134063510446,4.8687743917833535,5.563536538866442,-0.004791558758953817,0.0027950074452766957,0.002340555364704916,0.011731543036290665,-0.05284846693183074,-0.13341668626495226,0.0,0.0,0.0,0.0,0.0,0.4629209590432477,-30.0,30.0,30.0,51.96358624858682,-1.786865936489554,4.1312256082166465,3.436463461133558,0.4629209590432477,-33.52105976490918,57.8673545918736,85.99607604122176,108.93957759017687,3.849999999999962
0.0,0.0,0.0,0.0,0.0,0.0,0.0,0.0,0.0,0.0,0.0,0.0,0,0.0,-1.5707963267948966,nan,-0.15342100612108578,-0.273657376442501,-0.11300451660751804,0.05069813524262745,-1.5707937896988329,-0.16374934365119545,-0.290928019709524,1.0581449590560785,-0.12124859037154315,0.43297568139326964,0.17522864417331419,0.35128635562559074,0.18264927946871068,0.021746595761620385,-0.010328337530109671,-0.01727064326702299,-0.008244073764025112,0.005752009189783741,-0.002832805005029528,-0.004974464001810888,0.0005617236131086802,-6.681831364736235,3.7459786282244414,-0.6494151860647653,-0.15888613056648881,-1.5707932237577582,1.059832542962319,-1.0,0.861401911720968,0.7981358476871638,0,zero,0,0.15888613056648904,0.2095842658091165,2.0834544488995044,1.369616090562766,1.3254487000817892,-0.3958233257040746,0.3084837665716918,2.0817659581012986,1.3819575600880267,1.2297061167556564,-0.6888086992384509,0.660511015986949,-0.14976170141764075,0.13339615616809472,-0.11439388149196096,0.6494497770138113,-1.3362737996097822,4.330423553615512,10.654384118845782,1.0,-0.5355146527290344,-3.1030371383522493e-06,-5.659410744485172e-07,0.0,0.0,0.0,0,0.15014799169321538,-2.4885863483700903,6.2252970072257465,8.891875350678825,0.15014799169321538,-3.023434012776059,5.748543664108055,6.713859658518978,-0.004791558758953817,0.0027950074452766957,0.002340555364704916,-0.011303118915609391,0.05525976791224063,0.17266473189913314,0.0,0.0,0.0,0.0,0.0,0.2815450809923409,-16.590575655800603,20.750990024085823,29.63958450226275,39.804962312128346,0.5348476644059685,0.47675334311769113,2.178015692159847,0.2815450809923409,-16.590575655800603,20.750990024085823,29.63958450226275,39.804962312128346,3.8599999999999617
0.0,0.0,0.0,0.0,0.0,0.0,0.0,0.0,0.0,0.0,0.0,0.0,0,0.0,-1.5707963267948966,nan,-0.16076393832415617,-0.28245711922941225,-0.11581117843462918,0.0497193082441576,-1.5707937465418627,-0.16555984817437844,-0.2896584637055856,1.0515494998951533,-0.12090424578138417,1.191332764655901,0.5532427679887403,1.0069298790849612,0.3151006417270119,0.01003989285573077,-0.004795909850222269,-0.007201344476173377,-0.0050930673467549925,0.004563801304737766,0.0017965687333566802,0.0033905556390715734,0.0024707803613051617,-13.097534837818461,7.454487368927069,-0.6473568214049007,-0.033120120500752304,-1.5707935467163414,1.0533656467410828,-0.22172936579022692,-0.8620429236395042,-0.7992555775684943,0,zero,0,0.033120120500752304,0.08283942874490968,2.0900499072065246,1.3681206619722033,1.3267807123647468,-0.3969655929149115,0.1180495281798624,2.0882334336978055,1.3597322370300182,1.3027499454606577,-0.5122242068943921,0.6585527490913373,-0.14931769159037325,0.13300066650887155,-0.1140547293116578,0.6474195289469002,-2.634305443655259,8.784948381822073,21.220969074251958,1.0,-0.17847056686878204,-2.780078554920351e-06,-1.9982552146302623e-07,0.0,0.0,0.0,1,0.03256487198276897,0.30253008606961523,-8.867758174178194,-9.0,0.03256487198276897,-2.49651381477922,3.016771578553645,3.9621832740933707,-0.0010624292847694367,-0.002797087349048026,-0.0023438390034342914,-0.02207757068148089,0.13851810279396323,0.42588429818040935,0.0,0.0,0.0,0.0,0.0,0.06106295140215445,2.0168672404641015,-29.559193913927317,-30.0,42.16417231478461,2.7990439008488353,-11.884529752731838,-12.96218327409337,0.06106295140215445,2.0168672404641015,-29.559193913927317,-42.281039492630946,51.62851661212306,3.8699999999999615
0.0,0.0,0.0,0.0,0.0,0.0,0.0,0.0,0.0,0.0,0.0,0.0,0,0.0,-1.5707963267948966,nan,-0.16943099888048774,-0.2932374594004622,-0.11493712559237274,0.048743511780692694,-1.5707937036783348,-0.1673549162085668,-0.2883812278638141,1.0449744589065408,-0.12056089321595018,1.3888522718892014,0.6871992522143211,1.205757601282148,-0.05307002768224489,0.007714911942607243,0.0020760826719209424,0.0048562315366481035,-0.005623767623577441,0.011859015353772404,0.005768830681361101,0.010280559047397195,0.0012911016241086825,-13.6133234444663,7.865569144746059,-0.652952387368969,0.12698406544916607,-1.5707939252394116,1.0468696082722024,0.8371747185172389,-0.8614019117915432,-0.798135805347564,0,zero,0,-0.1269840654491663,-0.07824055366847338,2.096624947251798,1.3666298629389761,1.3281086009956127,-0.39810432388765693,0.13531945673493856,2.094730077757169,1.3326331884215967,1.3959122667228028,-0.2860567720342047,0.656427495534232,-0.14883581985628808,0.13257145238747373,-0.1136866567168524,0.6530091166372589,-2.609244651677132,9.144329993196006,22.257352280582232,1.0,-0.15495720505714417,-2.401555485143092e-06,2.2156107704063288e-07,0.0,0.0,0.0,1,-0.07421931863443106,1.8204767791811503,-9.0,-9.0,-0.07421931863443106,-1.433790333657798,-0.7023446915460789,-0.21133391576434318,0.004011371855285972,-0.0027950074455056926,-0.0023405552405428728,-0.023562737336532483,0.15740283358609616,0.4888050301980401,0.0,0.0,0.0,0.0,0.0,-0.1391699205595932,12.13651186120767,-30.0,-30.0,44.12838415831723,3.2542671128389484,-8.29765530845392,-8.788666084235658,-0.1391699205595932,12.13651186120767,-69.71739570500617,-102.36918480755928,124.447898939583,3.8799999999999613
0.0,0.0,0.0,0.0,0.0,0.0,0.0,0.0,0.0,0.0,0.0,0.0,0,0.0,-1.5707963267948966,nan,-0.17643634945093478,-0.30077820248770915,-0.1103904375850446,0.047770993068545264,-1.57079366111922,-0.16913411144803445,-0.28709682410807263,1.0384215018915544,-0.12021862111596049,1.1084810754618823,0.5226155330979393,0.8825146842988407,-0.42044159073384435,0.018360173902639196,0.007302238002900335,0.01368137837963651,-0.009828183530915885,0.014797292122247214,0.007317040369171189,0.012714633845332623,-0.0019387781116364956,-9.112285681705504,5.34517705219639,-0.6611761708766078,0.25696487071892493,-1.5707942063109621,1.0402933533269936,1.0,-0.8614019117209771,-0.7981358476871783,0,zero,0,-0.25696487071892493,-0.2091938776503799,2.1031779032355233,1.3651440711600589,1.329432029551095,-0.3992392301224973,0.33491842879211636,2.1013067189873205,1.3109782350784827,1.472390301615944,-0.10125290952387381,0.654136079669731,-0.14831627312623047,0.13210868028964534,-0.11328980647740428,0.6612094923307795,-1.8100035126363114,6.33394839820044,15.088253482588115,1.0,-0.5346895456314087,-2.120483934220374e-06,5.451917424181829e-07,0.0,0.0,0.0,1,-0.14355834103563583,2.0770313842470087,-9.0,-9.0,-0.14355834103563583,-0.3388667862401031,-3.5827860751363074,-3.474632513323282,0.004791558758953817,-0.002795007445276725,-0.0023405553647049583,-0.01868458021323033,0.11993433897179885,0.36676878315885747,0.0,0.0,0.0,0.0,0.0,-0.2691887137364257,13.846875894980059,-30.0,-30.0,44.629681094699556,2.415898170487112,-5.417213924863693,-5.525367486676718,-0.2691887137364257,13.846875894980059,-77.5048398012056,-116.45277834325202,140.57047417963602,3.889999999999961
0.0,0.0,0.0,0.0,0.0,0.0,0.0,0.0,0.0,0.0,0.0,0.0,0,0.0,-1.5707963267948966,nan,-0.18021565786710905,-0.3025905858245709,-0.1069074523153288,0.046801998051417604,-1.5707936188752338,-0.170897011701587,-0.28580577290785136,1.0318922860783113,-0.11987751753081657,0.48547531681945855,0.2016408162621719,0.3103434537083005,-0.31418816845718844,0.023168722509052567,0.009318646165522054,0.016784812916719516,-0.01297006521548777,0.012681668922660828,0.006211305736456571,0.010526747809095918,-0.003381122339688023,-1.7189945269093392,1.0237780498346742,-0.6669658402671862,0.3130342730755087,-1.5707943111811555,1.0336410388571224,1.0,-0.8614019117209681,-0.7981358476871638,0,zero,0,-0.3130342730755089,-0.2662322750240911,2.1097071179311815,1.3636636623885539,1.330750663339353,-0.4003700246044253,0.425380643572537,2.1079591783602796,1.299169228066561,1.509557467160579,-0.019825373502657652,0.6516793918002572,-0.14775925326391265,0.13161253001998952,-0.11286433278476134,0.6669722679032695,-0.7400677741832746,1.8190688275663736,3.079764319244043,1.0,-0.7961358428001404,-2.01561374080228e-06,6.923059219232641e-07,0.0,0.0,0.0,1,-0.1469253048980484,1.6935388769452209,-9.0,-9.0,-0.1469253048980484,0.4412031649901617,-5.510646921418045,-5.5684586852014935,0.004791558758953817,-0.002795007445276696,-0.002340555364704916,-0.011447608353765595,0.0506557210261585,0.12878146716268615,0.0,0.0,0.0,0.0,0.0,-0.27550216556918883,11.290259179634806,-30.0,-30.0,43.90382504733,1.252335711955059,-3.4893530785819546,-3.4315413147985065,-0.27550216556918883,11.290259179634806,-59.18413578798207,-87.80414344665978,106.48885100872516,3.899999999999961
0.0,0.0,0.0,0.0,0.0,0.0,0.0,0.0,0.0,0.0,0.0,0.0,0,0.0,-1.5707963267948966,nan,-0.1802302767553848,-0.29805925468394795,-0.10789140636630867,0.04583677130253072,-1.5707935769568369,-0.17264320907806324,-0.28450860276964085,1.0253884594622484,-0.11953767008131011,0.3900078443187246,-0.17315784882004914,-0.3234161002412417,0.13238015004863324,0.01941183200427851,0.007587067677321563,0.0135506519143071,-0.011646263715001437,0.005857902719974344,0.002981208441882174,0.004853135056315516,-0.0013691240367091195,6.821420420829692,-4.124702316025208,-0.6689489857642897,0.27373431021955974,-1.5707941948619024,1.0269481741179292,1.0,-0.861401911720968,-0.7981358476871637,0,zero,0,-0.2737343102195595,-0.2278975389170288,2.1162109433450196,1.3621890102841612,1.332064169533187,-0.40149642191745616,0.37310703079242435,2.1146519659517464,1.2990046916083005,1.496333735563316,-0.07251362971402385,0.6490583881765646,-0.14716497708591506,0.13108319470196939,-0.11241040125196064,0.6689251666404291,0.49024855899324093,-3.4804399174789484,-10.961702274969845,1.0,-0.6138864755630493,-2.1319329941427156e-06,6.179050657806329e-07,0.0,0.0,0.0,1,-0.07019242651127368,0.6245836001808585,-7.609973306137932,-9.0,-0.07019242651127368,0.7465529252681402,-6.444887270225677,-6.7338218353827415,0.004791558758953817,-0.0027950074452766957,-0.0023405553647049154,0.0062951160632282194,-0.0437822639377073,-0.17876163822043972,0.0,0.0,0.0,0.0,0.0,-0.13161902589775676,4.16389066787239,-25.36657768712644,-30.0,39.50719646620087,-0.12196932508728175,-1.165086035912255,-2.2661781646172585,-0.13161902589775676,4.16389066787239,-25.36657768712644,-30.983605748005274,40.25919022741043,3.9099999999999606
0.0,0.0,0.0,0.0,0.0,0.0,0.0,0.0,0.0,0.0,0.0,0.0,0,0.0,-1.5707963267948966,nan,-0.17638873523042253,-0.287350111933652,-0.11132595775338708,0.04487555592676262,-1.5707935353742242,-0.17437231015182972,-0.28320584971875573,1.018911660146633,-0.11919916592230456,1.1564954573788357,-0.5570642598728748,-0.9406389699410822,0.3773055546083953,0.009122953813020432,0.002016425078592815,0.004144262214896277,-0.007873208168917484,0.0038354439227709426,-0.0017232395055065564,-0.003030140101792861,0.001599789565814462,13.147914378798307,-8.070653941564654,-0.6653637914472049,0.14438955226396177,-1.5707938602320692,1.0202632652083203,0.535202311382346,0.8216208310138411,0.7992941549713424,0,zero,0,-0.144389552263962,-0.09951399633719937,2.1226877413755347,1.360720486263651,1.3333722173032256,-0.40261813835884364,0.1867143997604701,2.12133651843142,1.3117585400979668,1.4329669507098448,-0.25247134958265627,0.6462740909977303,-0.1465336763616849,0.13052088077790683,-0.11192818891362734,0.6653087056970931,1.7787409515851589,-7.915192675498561,-21.563803617400414,1.0,-0.20695345103740692,-2.466562827319052e-06,3.2485784506874893e-07,0.0,0.0,0.0,1,0.0645460815417204,-1.4499831562965324,5.354156741359083,9.0,0.0645460815417204,0.43829390697986526,-4.326286980149702,-3.986114580578846,0.002564453322916408,0.0026659290032107464,0.002343952132731082,0.015432595493477379,-0.12271600901666921,-0.43313789621555626,0.0,0.0,0.0,0.0,0.0,0.12103146735743558,-9.666554375310216,17.847189137863612,30.0,36.221251803735285,-1.8882770632763977,9.680443721508786,12.986114580578846,0.12103146735743558,-9.666554375310216,17.847189137863612,41.26960720882365,45.99086389056185,3.9199999999999604
0.0,0.0,0.0,0.0,0.0,0.0,0.0,0.0,0.0,0.0,0.0,0.0,0,0.0,-1.5707963267948966,nan,-0.17083220865429216,-0.2742179413002543,-0.11195807743346017,0.04391859346278082,-1.5707934941373236,-0.17608393610816572,-0.28189805677243585,1.0124635156830828,-0.11886209170539389,1.391334919175869,-0.7268152532466376,-1.1824377687077836,0.09691938969837721,0.011585776969322179,-0.0052517274538735614,-0.007680115472181559,-0.006904014271933712,0.01168120592788077,-0.005983670960840778,-0.009885515652657155,0.0017096297970666079,13.541063823013621,-8.435649477982343,-0.6556999539621879,-0.018579708643968074,-1.5707934016418574,1.0136565374140387,-0.6715243987668618,0.8614019010847833,0.7981358004341313,0,zero,0,0.018579708643968296,0.062498302106749115,2.129135884472954,1.3592584593513353,1.3346744779511155,-0.40373489205329516,0.08222118690187523,2.1279426339867693,1.3348185062324,1.343629412590923,-0.4817182079995368,0.6433275884111624,-0.14586559781353756,0.12992580800898382,-0.11141788422597583,0.6556317000259373,2.531226612717979,-9.109544009940642,-22.53202144463368,1.0,-0.18856464326381683,-2.92515303890184e-06,-9.249546639722439e-08,0.0,0.0,0.0,1,0.19723318178608062,-4.272221138110139,9.0,9.0,0.19723318178608062,-0.5621561163879799,-0.6009268565371465,0.19339815304318903,-0.003217648614762552,0.0027950074107652616,0.002340555226134096,0.021902338626617904,-0.1541253630553858,-0.49498819888046086,0.0,0.0,0.0,0.0,0.0,0.36983533055706097,-28.4814742540676,30.0,30.0,51.10118544473155,-3.7100650217221594,9.600926856537146,8.806601846956811,0.36983533055706097,-28.4814742540676,56.876956548538445,101.22918705168154,119.55612761889498,3.92999999999996
0.0,0.0,0.0,0.0,0.0,0.0,0.0,0.0,0.0,0.0,0.0,0.0,0,0.0,-1.5707963267948966,nan,-0.16666025361887227,-0.26369519310177275,-0.10931098097647576,0.04296612378517617,-1.5707934532557901,-0.17777772286849816,-0.28058577340503876,1.0060456424120716,-0.11852653354154236,1.116166647502509,-0.5865741795752333,-0.9210464831084453,-0.2311538293132881,0.022221976387732947,-0.011117469249625894,-0.016890580303266012,-0.009215552565066593,0.014961327794737437,-0.007885651822899183,-0.012708161695850956,-0.00040056338037364365,9.06277439573573,-5.727727135712334,-0.6435885469049359,-0.15031896171670112,-1.5707929642909078,1.0071712788488585,-1.0,0.8614019117209765,0.7981358476871722,0,zero,0,0.15031896171670134,0.19328508550187706,2.1355537562987235,1.3578032960295376,1.3359706250427092,-0.40484640306718894,0.2737095423074104,2.134427251090983,1.358758129627981,1.2641785060359996,-0.6689687695518824,0.6402200345125969,-0.1451610031166561,0.12929820947524187,-0.11087968706680928,0.6435361223606794,2.13651198522174,-6.743862267948075,-15.32839463698286,1.0,-0.5578518509864807,-3.362503989023935e-06,-4.889648823613868e-07,0.0,0.0,0.0,1,0.25257993569507653,-4.5,9.0,9.0,0.25257993569507653,-1.7475655929847476,2.625416985587489,3.463507278770914,-0.004791558758953817,0.002795007445276723,0.0023405553647049405,0.020874385846321262,-0.12624218793477684,-0.3717725208692554,0.0,0.0,0.0,0.0,0.0,0.47361698048954914,-30.0,30.0,30.0,51.963682635511965,-2.7524344070152527,6.3745830144125115,5.536492721229086,0.47361698048954914,-38.99957368811131,71.38229123323524,114.91795863007957,140.79332291806213,3.93999999999996
0.0,0.0,0.0,0.0,0.0,0.0,0.0,0.0,0.0,0.0,0.0,0.0,0,0.0,-1.5707963267948966,nan,-0.16593284181017492,-0.25888339652315484,-0.10735191294770544,0.04201838500660093,-1.5707934127390022,-0.17945332119547736,-0.2792695550061611,0.9996596448034486,-0.11819257696371416,0.4542522619737117,-0.24030101356765365,-0.3495578179740222,-0.16251114509421294,0.02675665929839937,-0.01352047938530243,-0.020386158483006234,-0.010840664016008722,0.01284447073932687,-0.006846989601547398,-0.01078340787957138,-0.001348063971970112,1.867641335113135,-1.1970464717664906,-0.6320204830736591,-0.20822796035877622,-1.5707927190815938,1.0008106354187056,-1.0,0.8614019117209679,0.7981358476871638,0,zero,0,0.20822796035877644,0.25024634536537693,2.1419397523849852,1.3563553600890659,1.3372603345412541,-0.40595239352278856,0.36517755865423457,2.140787554715089,1.3718695247152441,1.2248841374258934,-0.7530607668055975,0.6369526493460971,-0.14442016889909107,0.1286383315755819,-0.11031380873551956,0.6320082743570749,0.641997069482518,-1.791775768287522,-3.3681149059482474,1.0,-0.8084520101547241,-3.6077133027667685e-06,-6.93657408401549e-07,0.0,0.0,0.0,1,0.21822978969025805,-4.5,9.0,9.0,0.21822978969025805,-2.7027485743276927,4.868218578421306,5.564253841789506,-0.004791558758953817,0.0027950074452766953,0.002340555364704916,0.011740596793941661,-0.05262199979892229,-0.1346150963401243,0.0,0.0,0.0,0.0,0.0,0.4092064310711758,-30.0,30.0,30.0,51.96313548952979,-1.7972514256723073,4.131781421578694,3.4357461582104936,0.4092064310711758,-33.395142227599365,57.49186788676493,86.37202824664709,108.99928949701304,3.9499999999999598
0.0,0.0,0.0,0.0,0.0,0.0,0.0,0.0,0.0,0.0,0.0,0.0,0,0.0,-1.5707963267948966,nan,-0.16951870577626857,-0.2608723511272311,-0.10890969547745805,0.04107561337989862,-1.5707933725960592,-0.18111039677793217,-0.2779499623325043,0.9933071147969504,-0.11786030688949611,0.4270715228580705,0.19287883836388298,0.3308547277733054,0.18900526039706544,0.022497234261255918,-0.011591691001663601,-0.01707761120527318,-0.008950611412038068,0.0059655420857448824,-0.0032730079706107286,-0.004974436230859346,0.0003606873801866393,-6.40132844583438,4.159605269820244,-0.6225345192378965,-0.1718312490183862,-1.570792788373303,0.9945567268666221,-1.0,0.8614019117209679,0.7981358476871638,0,zero,0,0.17183124901838642,0.2129068623982846,2.1482922807940654,1.3549150124796832,1.3385432849405805,-0.4070525877124597,0.31173761130524374,2.1470416530757475,1.366483275784278,1.243283596398967,-0.7036508703367523,0.6335267189040532,-0.14364338674176047,0.1279464340277643,-0.10972047195308714,0.6225722111842038,-1.3294579707360599,4.302349730832782,10.606978727280358,1.0,-0.6099095940589905,-3.538421593507479e-06,-5.842227563945812e-07,0.0,0.0,0.0,1,0.12714851266217886,-2.4726367372592395,6.184728156487357,9.0,0.12714851266217886,-3.0137786074813344,5.74072967658686,6.7350445577075115,-0.004791558758953817,0.0027950074452766953,0.002340555364704916,-0.011260802380370494,0.05490741673487564,0.17154695237488604,0.0,0.0,0.0,0.0,0.0,0.23841836238923467,-16.4842449150616,20.615760521624523,30.0,39.95993938459155,0.5411418702220949,0.4439984799004968,2.2649554422924885,0.23841836238923467,-16.4842449150616,20.615760521624523,30.066764060570286,40.01008693684921,3.9599999999999596
0.0,0.0,0.0,0.0,0.0,0.0,0.0,0.0,0.0,0.0,0.0,0.0,0,0.0,-1.5707963267948966,nan,-0.1773239288669191,-0.2692226955894196,-0.11202958478491584,0.040138043200244944,-1.5707933328357753,-0.18274863029579277,-0.2766275609543136,0.9869896311427137,-0.1175298075837177,1.197910489418228,0.6166989572789938,0.9672745840379138,0.34503886132362105,0.010701021797057095,-0.005424701428873663,-0.007404865364894042,-0.005500222798801857,0.004462922248806725,0.0019259124283575518,0.0031266725615782098,0.002536228501114587,-12.612875749309467,8.307344760677404,-0.6187522032275512,-0.045968326963800044,-1.570793123478569,0.9883687024174226,-0.22075423693899374,-0.8619731667508465,-0.7993014575598326,0,zero,0,0.045968326963800266,0.08610637016404521,2.1546097627779557,1.3534826111605789,1.339819157398291,-0.40814671221288595,0.12185063773482807,2.153230315402965,1.3443385379658168,1.3159400476835628,-0.5272762597062125,0.6299435951271828,-0.1428309631784497,0.12722278986840863,-0.10909991086208112,0.6188213426862185,-2.6258621238485516,8.743922995299483,21.220926033587215,1.0,-0.19045619666576385,-3.2033163277489507e-06,-2.0935720623782572e-07,0.0,0.0,0.0,1,0.016646431411281786,0.3148070724808281,-8.824691075281434,-9.0,0.016646431411281786,-2.4861778613951633,3.0155206620256583,3.9901217712103048,-0.0010577568975812016,-0.002796861007522073,-0.002343973547773041,-0.02201919497403698,0.13784601311198655,0.42564823324472467,0.0,0.0,0.0,0.0,0.0,0.031214009771764084,2.0987138165388544,-29.415636917604782,-30.0,42.067627331078356,2.8009849338759913,-11.840211737307092,-12.990121771210305,0.031214009771764084,2.0987138165388544,-29.415636917604782,-41.882917003102,51.22366646341534,3.9699999999999593
0.0,0.0,0.0,0.0,0.0,0.0,0.0,0.0,0.0,0.0,0.0,0.0,0,0.0,-1.5707963267948966,nan,-0.18663032242638533,-0.27956265204095027,-0.11156266349147481,0.03920590670728008,-1.570793293466679,-0.18436771746509897,-0.2753029206972015,0.9807087587417898,-0.11720116262107572,1.3970562488859721,0.768730639016002,1.1664596708642783,-0.013827633079904755,0.007420065010918924,0.0022626049612863575,0.0042597313437487405,-0.005638499129600905,0.011847678718186474,0.006397489737032957,0.009843424470028023,0.0015958103824640956,-13.136484002051805,8.769504582717042,-0.6228974840540692,0.11472095139295391,-1.5707935059827351,0.9821673395167226,0.8371814532294369,-0.8614019117772505,-0.7981358008709479,0,zero,0,-0.11472095139295391,-0.07551504468567405,2.1608906334377953,1.35205851095084,1.3410876358689485,-0.4092344959992842,0.13249164921647874,2.1594323580310903,1.3173291877584896,1.4087687378609535,-0.30076766655963594,0.6262046959045322,-0.14198321969581215,0.12646768545299442,-0.10845237102665962,0.6229610785490458,-2.599622666638938,9.118061746255522,22.313100908563932,1.0,-0.14973707497119904,-2.820812161630215e-06,2.1251605630823178e-07,0.0,0.0,0.0,1,-0.08368578793356203,1.8256518969579691,-9.0,-9.0,-0.08368578793356203,-1.4240260474458875,-0.6990382526031875,-0.1901638388104187,0.004011404125055194,-0.0027950074454593165,-0.0023405552274150727,-0.02349851889564404,0.15691202631412163,0.48976597278535317,0.0,0.0,0.0,0.0,0.0,-0.1569206599166736,12.171012646386462,-30.0,-30.0,44.137944819984625,3.2496779444038566,-8.300961747396812,-8.809836161189581,-0.1569206599166736,12.171012646386462,-69.49308511146288,-102.1995581755275,124.1861374812586,3.979999999999959
0.0,0.0,0.0,0.0,0.0,0.0,0.0,0.0,0.0,0.0,0.0,0.0,0,0.0,-1.5707963267948966,nan,-0.19408996563705144,-0.2868273813835771,-0.10733206302885046,0.03827943398724298,-1.5707932544970107,-0.18596736906327144,-0.2739766150801683,0.9744660479866569,-0.11687445484876838,1.1107914363826725,0.5859991612493648,0.8591034959660071,-0.3903892690317018,0.01794926213887486,0.008122596573780005,0.012850766303408812,-0.009542391819917923,0.01481220852950137,0.008157216913071561,0.01226792682405271,-0.0015360029929073673,-8.820616644517363,5.968631141699423,-0.6298373425311409,0.24552746044844942,-1.570793782518619,0.975899537238061,1.0,-0.8614019117209754,-0.7981358476871728,0,zero,0,-0.2455274604484492,-0.20724802646120644,2.1671333423833574,1.3506430633799233,1.3423484072372653,-0.41031567055962115,0.3324153171185225,2.1657006081855843,1.2957877184201603,1.4851007057657917,-0.11517068462576813,0.6223115050734768,-0.14110049273336897,0.12568142045586086,-0.10777810943256967,0.6298753733339351,-1.79747580521422,6.326661213270878,15.179433313871698,1.0,-0.5218341946601868,-2.5442762776606287e-06,5.28021608214857e-07,0.0,0.0,0.0,1,-0.1515575575521768,2.0741582737146067,-9.0,-9.0,-0.1515575575521768,-0.3317411030431336,-3.5797023913029955,-3.461445757541327,0.004791558758953817,-0.0027950074452767195,-0.0023405553647049423,-0.01860088258539495,0.11975946959465222,0.368590456471994,0.0,0.0,0.0,0.0,0.0,-0.28418818217171726,13.827721824764044,-30.0,-30.0,44.623835041219195,2.4058993767577403,-5.4202976086970045,-5.538554242458673,-0.28418818217171726,13.827721824764044,-77.39177007468378,-116.57522760946732,140.6078106695278,3.989999999999959
0.0,0.0,0.0,0.0,0.0,0.0,0.0,0.0,0.0,0.0,0.0,0.0,0,0.0,-1.5707963267948966,nan,-0.19793656755262118,-0.2885591559020261,-0.1039812733588443,0.03735885287511209,-1.5707932159347158,-0.18754731093485505,-0.2726492207506201,0.9682630341017356,-0.11654976634914019,0.4863491553289922,0.2266660043986124,0.30591688479971735,-0.3026101170377965,0.0227822234568722,0.01038925661776613,0.015909935151405985,-0.012568492990295888,0.012703515319788266,0.006936973672586643,0.010200010954872052,-0.0030360293586237062,-1.7140483455369686,1.1757323789978993,-0.6343486093375662,0.30242082029385475,-1.5707938857894312,0.9695687368665284,1.0,-0.8614019117209681,-0.7981358476871638,0,zero,0,-0.30242082029385475,-0.26506196741874266,2.1733363543925277,1.3492366165381255,1.3436011614512908,-0.4113899700088287,0.42370942972833253,2.172031581055503,1.2841101202996759,1.522290399099136,-0.032765255755014024,0.6182655724197155,-0.14018313368350802,0.12486430787020582,-0.10707739448714632,0.6343561127297528,-0.7268483354568731,1.827223768678949,3.1789079442370105,1.0,-0.78248530626297,-2.4410054653145608e-06,6.698547156958057e-07,0.0,0.0,0.0,1,-0.159235364808369,1.6885233178595165,-9.0,-9.0,-0.159235364808369,0.4448750693053516,-5.508584245416016,-5.561137316549103,0.004791558758953817,-0.002795007445276696,-0.002340555364704916,-0.011354569881655108,0.050741595526828706,0.13087264639432383,0.0,0.0,0.0,0.0,0.0,-0.2985849705763529,11.256822119063443,-30.0,-30.0,43.89538924767486,1.243648248554165,-3.4914157545839837,-3.438862683450897,-0.2985849705763529,11.256822119063443,-59.19238130459481,-88.12777201882946,106.7569548212959,3.9999999999999587
0.0,0.0,0.0,0.0,0.0,0.0,0.0,0.0,0.0,0.0,0.0,0.0,0,0.0,-1.5707963267948966,nan,-0.1975745494222898,-0.2841414343436766,-0.10490521908012265,0.036444388856736065,-1.57079317778745,-0.1891072839779854,-0.27132131691717115,0.9621012364838972,-0.11622717840234698,0.3846409992396831,-0.1921991173461729,-0.3089817724900523,0.12465336680715644,0.019084987760745426,0.0084672654443044,0.012820117426505462,-0.011321959322224323,0.005911518655721847,0.003337414832142457,0.004731754168483451,-0.0011908893920857862,6.496998682939289,-4.517541879394699,-0.6349831057637906,0.26378629924523267,-1.5707937793467586,0.9632107543817163,1.0,-0.861401911720968,-0.7981358476871638,0,zero,0,-0.26378629924523267,-0.2273419103884966,2.179498150070795,1.3478395149270552,1.3448455916556012,-0.4124571312030203,0.3723529894724159,2.1783894684856726,1.2840685795395739,1.509231845436604,-0.08449989776877923,0.6140685136772799,-0.13923150889148583,0.12401667400808766,-0.10635050601931421,0.6349562294060466,0.5017067945558906,-3.458348950534769,-10.869872764444635,1.0,-0.6048368215560913,-2.5474481377685265e-06,6.015593085884063e-07,0.0,0.0,0.0,1,-0.09093287233201253,0.6251052598307262,-7.645972178333882,-9.0,-0.09093287233201253,0.7481886395020579,-6.450775353821728,-6.730153458211772,0.004791558758953817,-0.0027950074452766957,-0.002340555364704916,0.0063785834008060404,-0.04346902402626601,-0.17678537194614743,0.0,0.0,0.0,0.0,0.0,-0.17050979248455378,4.167368398871508,-25.48657392777961,-30.0,39.58486432384758,-0.12308337967133176,-1.1951968245121547,-2.269846541788228,-0.17050979248455378,4.167368398871508,-25.48657392777961,-31.37852292822593,40.6395519745804,4.009999999999959
0.0,0.0,0.0,0.0,0.0,0.0,0.0,0.0,0.0,0.0,0.0,0.0,0,0.0,-1.5707963267948966,nan,-0.19294554834972494,-0.2737670813959339,-0.10812644395188722,0.03553626497097406,-1.5707931400625723,-0.19064704411187977,-0.2699934847810116,0.955982158042985,-0.11590677144904238,1.1508097566542699,-0.6168761206459233,-0.9046520811583136,0.3541631825069169,0.00894743813091401,0.002298504237845167,0.0037735966149223255,-0.007780327497155154,0.0037739567842521742,-0.0018842293838964427,-0.0028714290018812937,0.0015643928296368657,12.578611829182186,-8.865003945834058,-0.6299062100901993,0.13490306828176135,-1.5707934598648734,0.9568749395031275,0.5357157655286209,0.8189463808008433,0.7993009958358517,0,zero,0,-0.13490306828176113,-0.09936680331078751,2.185617226510725,1.3464520993101041,1.3460813943244876,-0.41351689385370627,0.18693790568441412,2.18472487014984,1.2969250663812466,1.4461616187380464,-0.2635968952798146,0.6097220105285248,-0.13824599965542556,0.12313885850042336,-0.105597735279586,0.6298451195346219,1.7884347898642958,-7.881385236267111,-21.481577823275142,1.0,-0.20465707778930664,-2.8669300231598527e-06,3.198023010853035e-07,0.0,0.0,0.0,1,0.03367294805204842,-1.4426529277501254,5.278122810994394,9.0,0.03367294805204842,0.4402837227767329,-4.349678517031205,-3.9845989178520176,0.0025669135686283125,0.0026572511628720637,0.002343972193754745,0.015501628036287523,-0.12219423492133993,-0.4313628611373518,0.0,0.0,0.0,0.0,0.0,0.0631407238928341,-9.617686185000837,17.593742703314646,30.0,36.08384204342169,-1.8829366505268583,9.6278013280256,12.984598917852018,0.0631407238928341,-9.617686185000837,17.593742703314646,40.87554636576049,45.52860581342287,4.019999999999959
0.0,0.0,0.0,0.0,0.0,0.0,0.0,0.0,0.0,0.0,0.0,0.0,0,0.0,-1.5707963267948966,nan,-0.18647106756904838,-0.261104229764073,-0.10850805002391878,0.03463470171182759,-1.570793102767146,-0.1921663622256851,-0.2686663069665947,0.9499072845423183,-0.11558862505309103,1.3888411542626258,-0.7993798894481874,-1.1335673817444047,0.06997524679829004,0.01182184146343331,-0.005695294656636707,-0.007562077202521722,-0.0070805750291722536,0.011613563130486549,-0.006573717474454792,-0.0094546682225238,0.001506763403405765,12.961378151559696,-9.256373861806603,-0.6184774700868029,-0.02776026800815412,-1.5707930080543042,0.9506334036825265,-0.6695559858514109,0.8614018999420697,0.7981358008473964,0,zero,0,0.02776026800815412,0.06239496971998193,2.191692097951453,1.3450747065629183,1.3473082693951441,-0.41456900064201035,0.0820469927983142,2.190965726040523,1.3200819639732955,1.3571772931140738,-0.49208768612994735,0.605227810604137,-0.13722700222631887,0.12223121429699024,-0.1048193849400638,0.6184031312101413,2.541231301586705,-9.075306920818822,-22.46134358204399,1.0,-0.1924505978822708,-3.318740592561653e-06,-9.47128420136778e-08,0.0,0.0,0.0,1,0.1590039838878708,-4.260148251768664,9.0,9.0,0.1590039838878708,-0.5580217628413668,-0.6268504124419227,0.1937354681076241,-0.0032082168486162856,0.0027950074070574767,0.0023405552273460073,0.021970428359720913,-0.15354908564424394,-0.4934431013604061,0.0,0.0,0.0,0.0,0.0,0.29815110423377233,-28.400988345124425,30.0,30.0,51.055901060120846,-3.7021264889272967,9.626850412441923,8.806264531892376,0.29815110423377233,-28.400988345124425,56.48908799332268,100.84965779790241,119.03098576980794,4.0299999999999585
0.0,0.0,0.0,0.0,0.0,0.0,0.0,0.0,0.0,0.0,0.0,0.0,0,0.0,-1.5707963267948966,nan,-0.18157672883431383,-0.250998516567288,-0.10568698271383806,0.03373991693058276,-1.5707930659079365,-0.19366502410905884,-0.26734036695239854,0.943878083939216,-0.11527281786431334,1.1145905181555702,-0.6393000618108297,-0.8779773182588824,-0.25052601213030323,0.022473789003878444,-0.012088295274745003,-0.016341850385110546,-0.009585835150475286,0.014904983291949975,-0.008629206042868803,-0.012134817063045469,-0.000664488411821455,8.66604753524859,-6.269050225158185,-0.6044337711692064,-0.15925259550777326,-1.5707925683456083,0.9445316391627908,-1.0,0.8614019117209778,0.7981358476871728,0,zero,0,0.15925259550777326,0.19299251243835602,2.197721296438157,1.3437076695238699,1.3485259204008568,-0.4156131973328847,0.2724094774151302,2.1970667953041523,1.3441376935323708,1.2779746803664274,-0.6787269229779114,0.6005877274831283,-0.13617492780802443,0.12129410766642458,-0.10401576909443798,0.6043773798164129,2.1496089946386494,-6.728022623649992,-15.274273869191264,1.0,-0.5633183717727661,-3.758449288238097e-06,-4.975623282277297e-07,0.0,0.0,0.0,1,0.21437678979297756,-4.5,9.0,9.0,0.21437678979297756,-1.743046222741739,2.60605542143568,3.4633536695993046,-0.004791558758953817,0.0027950074452767273,0.0023405553647049423,0.020959854081151582,-0.12589852464936388,-0.37055624321826613,0.0,0.0,0.0,0.0,0.0,0.4019816047121274,-30.0,30.0,30.0,51.963079096706025,-2.756953777258261,6.393944578564319,5.536646330400695,0.4019816047121274,-38.911379505918035,70.96820842076818,114.5719991429478,140.2764650193657,4.039999999999958
0.0,0.0,0.0,0.0,0.0,0.0,0.0,0.0,0.0,0.0,0.0,0.0,0,0.0,-1.5707963267948966,nan,-0.18049599403284147,-0.24639986749574905,-0.10368619002463988,0.03285212573794061,-1.5707930294914125,-0.19514283036490093,-0.2660162485024773,0.9378960057254946,-0.11495942758126279,0.4485087514658833,-0.2558541057314456,-0.32745306216176995,-0.168740240614762,0.026952144689195306,-0.01464683633205946,-0.019616381006728245,-0.011273237556622906,0.012768805316109567,-0.007445320719848109,-0.010254748750451008,-0.0015651570670165427,1.760512434966616,-1.289602974203469,-0.5909327663325751,-0.2168533279518876,-1.5707923217833448,0.9385736300410876,-1.0,0.8614019117209679,0.7981358476871638,0,zero,0,0.2168533279518874,0.24970545368982844,2.2037033724815553,1.3423513168445276,1.3497340546041936,-0.4166492328893271,0.36346431369001914,2.2030244415148434,1.3574137315902466,1.2386367764509638,-0.7623895470383585,0.595803640692838,-0.13509020255726845,0.12032791819622218,-0.10318721325798766,0.590919845812203,0.6609907367664558,-1.811157143921132,-3.332479643478327,1.0,-0.8121823668479919,-4.005011551733162e-06,-7.077080677042602e-07,0.0,0.0,0.0,1,0.18630326161844102,-4.5,9.0,9.0,0.18630326161844102,-2.699270992872977,4.8555957816919415,5.564022462971321,-0.004791558758953817,0.0027950074452766953,0.002340555364704916,0.011864063068279643,-0.052808854546777244,-0.13378947411013445,0.0,0.0,0.0,0.0,0.0,0.34934044931265895,-30.0,30.0,30.0,51.962698532211796,-1.800729007127023,4.1444042183080585,3.4359775370286787,0.34934044931265895,-33.34936433391352,57.221735206339716,86.0906848236624,108.61968115243785,4.049999999999958
0.0,0.0,0.0,0.0,0.0,0.0,0.0,0.0,0.0,0.0,0.0,0.0,0,0.0,-1.5707963267948966,nan,-0.1841436100486017,-0.24832797234971976,-0.10534637808621117,0.03197154040615624,-1.5707929935237448,-0.19659959630468035,-0.26469453509952423,0.9319624802679973,-0.1146485309140462,0.43870625441770184,0.21908500759807992,0.32498182569237755,0.19710847287878752,0.022573125992810722,-0.01245598625607866,-0.01636656274980447,-0.00930215282783503,0.005833695356024405,-0.0034967915172106536,-0.004661702993241583,0.00027014032439972614,-6.16921487865293,4.574604257846685,-0.5796105183665521,-0.18002451277159714,-1.5707923983628367,0.9327410239439158,-1.0,0.861401911720968,0.7981358476871637,0,zero,0,0.18002451277159714,0.21199605317775339,2.2096368957173746,1.341005972840129,1.3509323831301905,-0.41767685958659556,0.3099880654517756,2.2088572542465874,1.3522552178918779,1.2566062637021822,-0.7127497837276122,0.5908774957089348,-0.13397326758364508,0.11933303879273861,-0.10233405436758093,0.5796511730509373,-1.3044538596317286,4.244324838026252,10.620116897260338,1.0,-0.5598238110542297,-3.928432059652209e-06,-5.951609081122911e-07,0.0,0.0,0.0,0,0.1049983291116301,-2.47857023564688,6.188522043880064,8.959540703140467,0.1049983291116301,-3.0124655137443423,5.734014640289834,6.727375021205989,-0.004791558758953817,0.0027950074452766957,0.0023405553647049154,-0.011092954335770023,0.05408054329796135,0.1719375767888091,0.0,0.0,0.0,0.0,0.0,0.196884172345078,-16.523801570979202,20.628406812933548,29.86513567713489,39.88147788620644,0.5338952780974622,0.4545074035902301,2.232165681934478,0.196884172345078,-16.523801570979202,20.628406812933548,29.86513567713489,39.88147788620644,4.059999999999958
0.0,0.0,0.0,0.0,0.0,0.0,0.0,0.0,0.0,0.0,0.0,0.0,0,0.0,-1.5707963267948966,nan,-0.19238589022332112,-0.256349288335954,-0.10868950943575056,0.0310983702711769,-1.5707929580108069,-0.198035151826855,-0.263375809380119,0.9260789181491,-0.11434020354718122,1.2120273524811673,0.6806724652544782,0.9340041705639457,0.36514587164043766,0.01064032417693244,-0.005649261603533878,-0.007026521044165013,-0.005650694111430654,0.0046212652882542185,0.002202723527189074,0.0031133821526331124,0.0026097803545234756,-12.112131012942301,9.089799267142695,-0.5742071878643634,-0.053722063720931246,-1.5707927441948388,0.9269914693219333,-0.2269183745635519,-0.8618020481113053,-0.7992838566421043,0,zero,0,0.053722063720931246,0.08482043399210815,2.215520455565841,1.3396719573400508,1.3521206210995418,-0.41869583312642467,0.1203818352865386,2.214607498730944,1.3303649724045938,1.328564403278888,-0.5363794658463998,0.5858113039554145,-0.13282457894961597,0.11830987568118884,-0.10145664078167459,0.5742820654716828,-2.6015518748121855,8.671943572984242,21.213974223191645,1.0,-0.18879343569278717,-3.5826000575056582e-06,-2.138159680420415e-07,0.0,0.0,0.0,1,0.005943382419542461,0.2963865997803774,-8.729113825264763,-9.0,0.005943382419542461,-2.4892687896965744,3.03100993270748,3.9799783768358985,-0.0010872927252075502,-0.002796305775562363,-0.0023439219325968375,-0.021842179208251,0.13666433321293492,0.425552706472444,0.0,0.0,0.0,0.0,0.0,0.011144538570302759,1.975910665202516,-29.09704608421588,-30.0,41.83948419835722,2.785655389476952,-11.760123757972243,-12.979978376835899,0.011144538570302759,1.975910665202516,-29.09704608421588,-41.974645402713,51.11177256433276,4.069999999999958
0.0,0.0,0.0,0.0,0.0,0.0,0.0,0.0,0.0,0.0,0.0,0.0,0,0.0,-1.5707963267948966,nan,-0.20223405201689823,-0.26626959510171494,-0.10848396402268348,0.03023282163477581,-1.5707929229581736,-0.1994493412789028,-0.26206065257283084,0.9202467095072211,-0.11403452010250273,1.4049112384217373,0.8433972341529317,1.123546357304911,0.010013803161140755,0.007501898686397648,0.0027847107379954383,0.0042089425288840965,-0.005550556079819247,0.012022573369576638,0.0070786022809538295,0.009548996543332293,0.0018034204142008984,-12.599580819215257,9.569336554573136,-0.5771003424711609,0.10729500311048201,-1.5707931297960491,0.9212429640376165,0.8322938137786121,-0.8614019117533427,-0.7981358025760754,0,zero,0,-0.10729500311048223,-0.0770621814757062,2.2213526618911645,1.3383495855382816,1.3532984877617877,-0.4197059127512418,0.13344876109416917,2.220356747718101,1.3035510935322672,1.4207768406652084,-0.30996386595022163,0.5806071428045986,-0.13164460767050992,0.11725884840564696,-0.10055533228031378,0.5771699362622055,-2.5837323155221106,9.065926702761283,22.30374796965231,1.0,-0.15126587450504303,-3.1969988474322975e-06,2.0683787571584844e-07,0.0,0.0,0.0,1,-0.08510885151372476,1.8067354124905581,-9.0,-9.0,-0.08510885151372476,-1.4319891573804835,-0.6768164323933672,-0.19817296785493332,0.0039879847134339855,-0.0027950074453817423,-0.002340555232415406,-0.023374029345259475,0.15597891845959885,0.4895638125414929,0.0,0.0,0.0,0.0,0.0,-0.1595890709051655,12.044902749937055,-30.0,-30.0,44.10334625543728,3.2387245698710414,-8.323183567606632,-8.801827032145066,-0.1595890709051655,12.044902749937055,-69.05493816516108,-102.18630754747073,123.91824355641701,4.079999999999957
0.0,0.0,0.0,0.0,0.0,0.0,0.0,0.0,0.0,0.0,0.0,0.0,0,0.0,-1.5707963267948966,nan,-0.21002557355198076,-0.27322174893368856,-0.10445873901397992,0.029375097666691996,-1.5707928883711257,-0.20084202330351847,-0.2607496439398195,0.9144672233773415,-0.11373155410211647,1.1094152204132035,0.6398839510466853,0.8263162464984986,-0.3722259008317297,0.01805203860517971,0.009183550248462291,0.012472104993869082,-0.009272815088136543,0.014919368852941477,0.008969086959300997,0.011853792845181623,-0.0012769656495528955,-8.451577518550012,6.496630023508665,-0.5830180980745814,0.23826974814853474,-1.5707934021760868,0.9154396058951811,1.0,-0.861401911720972,-0.7981358476871749,0,zero,0,-0.23826974814853497,-0.20889465048184253,2.227132145661017,1.3370391678438915,1.3544657066285046,-0.4207068613583825,0.3332121222889865,2.2261606061069443,1.2821109292765158,1.496753374913301,-0.1244527768073226,0.5752671555771399,-0.13043383971452402,0.11618038982904726,-0.09963050006513305,0.5830601552429634,-1.7910993050226256,6.301984182454335,15.170871207494033,1.0,-0.5252588987350464,-2.924618809796442e-06,5.138049612440909e-07,0.0,0.0,0.0,1,-0.15163683156973062,2.0669633053083816,-9.0,-9.0,-0.15163683156973062,-0.34158225699382094,-3.5623661269579783,-3.466847463526858,0.004791558758953817,-0.0027950074452767087,-0.0023405553647049483,-0.018543429958499835,0.11927124723448922,0.3684145227752477,0.0,0.0,0.0,0.0,0.0,-0.28433683024513523,13.779755368722544,-30.0,-30.0,44.60899579070203,2.4085455623022023,-5.437633873042022,-5.533152536473143,-0.28433683024513523,13.779755368722544,-77.07895984871068,-116.54552987850387,140.40651370743188,4.089999999999957
0.0,0.0,0.0,0.0,0.0,0.0,0.0,0.0,0.0,0.0,0.0,0.0,0,0.0,-1.5707963267948966,nan,-0.21383458988134207,-0.27483104792624624,-0.10119922094171585,0.02852539830676104,-1.5707928542546452,-0.2022130706695724,-0.25944336022254144,0.9087418070315131,-0.11343137793140656,0.4816847485050502,0.2437968963307391,0.2915582709835718,-0.2959341901554169,0.022835636760920836,0.011621519211769682,0.0153876877037048,-0.012232156989690712,0.01273505827305842,0.0075912682913319655,0.009828854447128818,-0.0028192153526056894,-1.632847285031164,1.2704333560050047,-0.586534462493248,0.2951453218593807,-1.570793504150718,0.909583678640884,1.0,-0.861401911720968,-0.7981358476871638,0,zero,0,-0.2951453218593807,-0.26661992355261965,2.2328575596060203,1.3357410097315052,1.3556220056064912,-0.4216984456143067,0.42435506558439984,2.23201672819575,1.2704512831371,1.533835769097247,-0.04215448137120541,0.5697935515420175,-0.12919277600272272,0.11507494613318323,-0.09868252675935536,0.5865427180414129,-0.728062212078236,1.8252862801854859,3.1660837104261548,1.0,-0.785065770149231,-2.822644178834821e-06,6.4989607295729e-07,0.0,0.0,0.0,1,-0.16614366970466596,1.6971697822866014,-9.0,-9.0,-0.16614366970466596,0.4378956351562791,-5.496927083137861,-5.564393612245683,0.004791558758953817,-0.0027950074452766957,-0.002340555364704916,-0.011352693757671516,0.05064063538967023,0.13062786587171699,0.0,0.0,0.0,0.0,0.0,-0.3115388518744908,11.31446521524401,-30.0,-30.0,43.91029696509913,1.2592741471303224,-3.5030729168621386,-3.4356063877543166,-0.3115388518744908,11.31446521524401,-59.06499720714545,-88.09374151625269,106.66440535143688,4.099999999999957
0.0,0.0,0.0,0.0,0.0,0.0,0.0,0.0,0.0,0.0,0.0,0.0,0,0.0,-1.5707963267948966,nan,-0.21302663814053868,-0.2704999740289895,-0.10207202170529234,0.02768392016705845,-1.5707928206134234,-0.20356237008844671,-0.258142375092163,0.9030717853193727,-0.11313406280209357,0.38992745099422366,-0.21572511596777144,-0.30300887668782694,0.11701158928894839,0.019095847047790895,0.009464268052091968,0.01235759893682653,-0.011062041096801228,0.005895167576034269,0.0036162776991671784,0.004524502613017813,-0.0010974572687931297,6.239790170984438,-4.9139401094845745,-0.5860835352619455,0.25629585573195723,-1.5707934065895424,0.9037112800982278,1.0,-0.8614019117209679,-0.7981358476871637,0,zero,0,-0.256295855731957,-0.22861193556489878,2.238527578879228,1.3344554115917717,1.3567671171309594,-0.42268043606881445,0.3728737508134725,2.2378890136342955,1.2703627208440673,1.5208743557319608,-0.0940539497479327,0.5641886059165391,-0.1279219324090383,0.11394297681870813,-0.0977118064077927,0.5860536689112512,0.4952188613370578,-3.44126367158196,-10.888451944710788,1.0,-0.6058745980262756,-2.920205353973415e-06,5.859761191828738e-07,0.0,0.0,0.0,1,-0.11016062164861896,0.6479073636662248,-7.65891856434571,-9.0,-0.11016062164861896,0.7480995848498205,-6.445991011525866,-6.7318810845573385,0.004791558758953817,-0.0027950074452766953,-0.0023405553647049154,0.006338387944071267,-0.043249933173143594,-0.17715843334298442,0.0,0.0,0.0,0.0,0.0,-0.20656407584590092,4.319382424441499,-25.529728547819033,-30.0,39.629115218123786,-0.10019222118359572,-1.2129275528198438,-2.2681189154426615,-0.20656407584590092,4.319382424441499,-25.529728547819033,-31.312296716790904,40.63159729387567,4.109999999999957
0.0,0.0,0.0,0.0,0.0,0.0,0.0,0.0,0.0,0.0,0.0,0.0,0,0.0,-1.5707963267948966,nan,-0.20757686367061892,-0.2604370827526234,-0.10509999657475796,0.0268508564340324,-1.5707927874518586,-0.20488982201639927,-0.2568472586052332,0.8974584600086546,-0.11283967871535353,1.156904237351446,-0.6777226397872316,-0.8767774789436356,0.33223589562056677,0.008944814693337752,0.002687041654219652,0.003589824147390175,-0.007739682140595561,0.003819879385432166,-0.0021035760488776842,-0.002823850232950516,0.0014806472191927055,12.068681599088695,-9.618975323319706,-0.5797259834343811,0.12702411824300297,-1.5707931005226266,0.8978729016100268,0.5485493304748958,0.8163067623857085,0.7992984742186341,0,zero,0,-0.12702411824300297,-0.10017326180897079,2.2441409017156078,1.3331826685818362,1.3579007782987218,-0.4236526072692622,0.18742532976869286,2.243726925824055,1.2831495039472942,1.4580660084019166,-0.27334727809597126,0.5584546598663336,-0.12662183976026906,0.11278495470513335,-0.0967187444768446,0.5796592135007238,1.7819794203852832,-7.850328059189418,-21.501360131430072,1.0,-0.20498543977737427,-3.226272269785113e-06,3.130707679765976e-07,0.0,0.0,0.0,1,-1.646546001440194e-05,-1.4111916917811833,5.213100059285712,9.0,-1.646546001440194e-05,0.44884150098619974,-4.361248165380195,-3.9854070148609897,0.0026284063491552392,0.002648686341941667,0.002343964799042775,0.015452957664588181,-0.12172188388236761,-0.4317798427438773,0.0,0.0,0.0,0.0,0.0,-3.087466719370324e-05,-9.407944611874555,17.37700019761904,30.0,35.92310618096805,-1.860033192767383,9.574348224665908,12.98540701486099,-3.087466719370324e-05,-9.407944611874555,17.37700019761904,40.98079484806359,45.49609987755192,4.119999999999957
0.0,0.0,0.0,0.0,0.0,0.0,0.0,0.0,0.0,0.0,0.0,0.0,0,0.0,-1.5707963267948966,nan,-0.20016498935422622,-0.24820646219355597,-0.10522544231713651,0.02602639677064178,-1.570792754774058,-0.20619534044363363,-0.25555857666515913,0.8919031091257085,-0.11254829442499592,1.3996167484874227,-0.8717392743627067,-1.094193861899334,0.041683003273615404,0.012001786719428689,-0.006030351089407415,-0.007352114471603166,-0.007322852107859407,0.01172074388543117,-0.007201233853270218,-0.009160978707031451,0.0012627499149489158,12.438260414500778,-10.030602294100037,-0.5666557939598573,-0.03613357452857735,-1.5707926544196653,0.8921431488046169,-0.6570227247384559,0.8614018995338765,0.7981358006925985,0,zero,0,0.03613357452857713,0.06215997129921913,2.2496962500915245,1.3319230704758125,1.3590227310013798,-0.42461473787477766,0.08222057916913961,2.2494559351794536,1.306269277365687,1.3694152853114951,-0.5020359468657639,0.5525941205053674,-0.12529304383608314,0.11160136593083173,-0.09570375785450097,0.5665756873981732,2.539831780489346,-9.042468183561146,-22.481478289162837,1.0,-0.1955508291721344,-3.6723752314671287e-06,-1.0035439279576508e-07,0.0,0.0,0.0,1,0.11460436491726823,-4.228573413393783,9.0,9.0,0.11460436491726823,-0.541774077139265,-0.6431097306149776,0.19345216291117295,-0.0031481629915522513,0.002795007405733004,0.0023405552268920583,0.021951593551025012,-0.1530001944290505,-0.4938607579390497,0.0,0.0,0.0,0.0,0.0,0.2148966152583316,-28.19048942262522,30.0,30.0,50.93868740399966,-3.686799336254518,9.643109730614977,8.806547837088827,0.2148966152583316,-28.19048942262522,56.11271394701689,100.97060103239001,118.90520936352712,4.129999999999956
0.0,0.0,0.0,0.0,0.0,0.0,0.0,0.0,0.0,0.0,0.0,0.0,0,0.0,-1.5707963267948966,nan,-0.19451506681003455,-0.23846864895620362,-0.10219420691233574,0.025210727218489826,-1.5707927225838412,-0.20747885267077884,-0.2542768904899862,0.8864069862960045,-0.11225997740070157,1.1273961320770356,-0.6933434771336872,-0.8456127062179408,-0.2742918380506415,0.0227877155449619,-0.012963785860744287,-0.015808241533782574,-0.010065770488365822,0.015063324163525606,-0.009406464075081774,-0.011723987093443751,-0.0009850355792633634,8.325906533440856,-6.791181406628227,-0.5507514276877412,-0.16813219766681442,-1.5707922120354438,0.8865703682468474,-1.0,0.8614019117209781,0.7981358476871726,0,zero,0,0.16813219766681442,0.19334292488530425,2.2551923703842256,1.3306769015152524,1.3601327220585135,-0.42556661077047697,0.272399118073869,2.255027968928975,1.330354641551937,1.2904599885339765,-0.6889045283807559,0.5466094608959303,-0.12393610536901535,0.11039270995303478,-0.09466727485033986,0.5506911861326812,2.1556345717277283,-6.711208290518995,-15.299917321363527,1.0,-0.5719811320304871,-4.1147594527224385e-06,-5.105483973366631e-07,0.0,0.0,0.0,1,0.16928688735024605,-4.5,9.0,9.0,0.16928688735024605,-1.726492220086575,2.593369846370473,3.4634663024684067,-0.004791558758953817,0.0027950074452767286,0.002340555364704942,0.020991015494452064,-0.12554874964512117,-0.37106465325365,0.0,0.0,0.0,0.0,0.0,0.3174327533287944,-30.0,30.0,30.0,51.9624938157599,-2.773507779913425,6.406630153629527,5.536533697531594,0.3174327533287944,-38.730280482456976,70.54510348057251,114.708308878659,140.12402770649007,4.139999999999956
0.0,0.0,0.0,0.0,0.0,0.0,0.0,0.0,0.0,0.0,0.0,0.0,0,0.0,-1.5707963267948966,nan,-0.19301342701318402,-0.23403095836322613,-0.10010585314927936,0.024404030099965945,-1.570792690884741,-0.20874029907350472,-0.25300275608696826,0.880971320084654,-0.11197479379132594,0.45710125482704733,-0.2763086199576409,-0.316355618995956,-0.18031701536807554,0.027352063279334305,-0.015726872060320696,-0.018971797723742134,-0.011868940642046577,0.012930209739594528,-0.008098699765001093,-0.009907493750349662,-0.0018555197689754787,1.709904173904822,-1.4101854824498017,-0.5353921754733553,-0.22613965169833894,-1.5707919640246555,0.8811596306801112,-1.0,0.861401911720968,0.7981358476871638,0,zero,0,0.22613965169833872,0.2505436817983049,2.2606280340313223,1.3294444402596186,1.3612305033508694,-0.42650801318167975,0.3637372963637948,2.260438319783175,1.343738345111047,1.2511082767071522,-0.772880015886395,0.5405032200486376,-0.12255160004446747,0.10915949954783306,-0.09360973519552752,0.5353783539267767,0.674868827253206,-1.826185359784744,-3.367711459363797,1.0,-0.8254376649856567,-4.362770241073122e-06,-7.26860085453751e-07,0.0,0.0,0.0,1,0.1493927599620196,-4.5,9.0,9.0,0.1493927599620196,-2.686672097560182,4.847284037778138,5.5645021925333165,-0.004791558758953817,0.0027950074452766957,0.002340555364704916,0.011950400515084468,-0.052936346151492265,-0.13449054909432787,0.0,0.0,0.0,0.0,0.0,0.2801289329870984,-30.0,30.0,30.0,51.96227932086021,-1.8133279024398181,4.152715962221862,3.4354978074666835,0.2801289329870984,-33.222224904807646,56.924606505942506,86.2701156454799,108.56674619415277,4.149999999999956
0.0,0.0,0.0,0.0,0.0,0.0,0.0,0.0,0.0,0.0,0.0,0.0,0,0.0,-1.5707963267948966,nan,-0.1966133278316434,-0.23585369870878095,-0.10184469977865854,0.023606483920376453,-1.5707926596800077,-0.20997963285602514,-0.25173672373437106,0.875597313336917,-0.11169280838826748,0.43813874075841536,0.2360567035938954,0.3088772698152026,0.2020832032437636,0.022976375631395565,-0.013366305024381742,-0.01588302502559011,-0.009848108609608941,0.005931758894718625,-0.003818663232048311,-0.00453778269013249,0.00011001346467508395,-5.893093013267809,4.9125414490744825,-0.5223410953033844,-0.1895064248929077,-1.5707920482579838,0.875891955351787,-1.0,0.861401911720968,0.7981358476871638,0,zero,0,0.1895064248929077,0.21311290881328393,2.2660020381902743,1.3282259594367551,1.3623158319535489,-0.42743873678812544,0.3107968134202517,2.2657062150908533,1.3387577479474906,1.2687165529339128,-0.7236191347192614,0.5342780029224368,-0.12114011850071002,0.10790226081017758,-0.09253159004281987,0.5223842206733788,-1.2844842929050562,4.1951605624465795,10.582805768373325,1.0,-0.622028112411499,-4.2785369127607e-06,-6.114220241215662e-07,0.0,0.0,0.0,1,0.08143937091510124,-2.469503841704227,6.17884113072635,9.0,0.08143937091510124,-3.0024150300886845,5.72733878893588,6.735670571037124,-0.004791558758953817,0.0027950074452766957,0.002340555364704916,-0.010959926990169861,0.05337991677339897,0.1711280121099951,0.0,0.0,0.0,0.0,0.0,0.152708364738611,-16.46335894469485,20.596137102421167,30.0,39.94078581009962,0.5329111883844573,0.4515023417904702,2.264329428962876,0.152708364738611,-16.46335894469485,20.596137102421167,30.109998349642716,40.02347275966619,4.159999999999956
0.0,0.0,0.0,0.0,0.0,0.0,0.0,0.0,0.0,0.0,0.0,0.0,0,0.0,-1.5707963267948966,nan,-0.2051615084750534,-0.24353732721044635,-0.10543886833842628,0.02281826327008396,-1.5707926289726144,-0.2111968197942558,-0.2504793374709329,0.8702861425187224,-0.11141408458890231,1.2193625751211554,0.733099370517934,0.8941014765103589,0.3872892359132907,0.010969033613602687,-0.006035311319202402,-0.00694201026048652,-0.005975216250476034,0.004590833911711356,0.002337416694566505,0.0029303017585680935,0.0026505793337709242,-11.597505642275863,9.769844138150974,-0.5154866446678597,-0.06310560929476439,-1.5707924066262418,0.870723077923953,-0.2300530829628333,-0.8616311332551363,-0.7993011826550741,0,zero,0,0.06310560929476416,0.08592387256484812,2.2713132063978705,1.3270217257933596,1.3633884702691974,-0.42835857783818854,0.12183122048928599,2.2708758292585736,1.3170762484919114,1.3400901583213374,-0.5475262375818187,0.5279364804245991,-0.11970226632888008,0.10662153315387794,-0.09143330196656076,0.5155666108188491,-2.581021984802728,8.612341902598764,21.195485493190485,1.0,-0.19469070434570312,-3.920168654580891e-06,-2.2234637242490862e-07,0.0,0.0,0.0,1,-0.0018660468926245055,0.29748013023046,-8.656240468646567,-9.0,-0.0018660468926245055,-2.481466803424326,3.0402763492371405,3.9908344357689614,-0.001102312864694893,-0.002795751204822502,-0.0023439727416072623,-0.021695603567567535,0.13567969985104764,0.42504996918508064,0.0,0.0,0.0,0.0,0.0,-0.003499056614709367,1.9832008682030668,-28.85413489548856,-30.0,41.67126346169611,2.778946933654786,-11.696516817883708,-12.990834435768962,-0.003499056614709367,1.9832008682030668,-28.85413489548856,-41.69775768386295,50.7464008019903,4.1699999999999555
0.0,0.0,0.0,0.0,0.0,0.0,0.0,0.0,0.0,0.0,0.0,0.0,0,0.0,-1.5707963267948966,nan,-0.2154396252617396,-0.2530783710683269,-0.10555626286622571,0.022039538726643437,-1.5707925987652538,-0.21239183796942832,-0.2492311345933709,0.86503895705717,-0.11113868436008903,1.4109033036518195,0.9083098611513685,1.0789246735442541,0.03927947566127188,0.007433280945084298,0.0030477872923112825,0.003847236474956023,-0.005582421493863315,0.012050977533208143,0.007600225360681284,0.009130206265365537,0.002025331460434163,-12.075407355159784,10.279344436891602,-0.5174087151838073,0.09822488831040999,-1.5707927985742924,0.8655674255537253,0.8296234822156888,-0.8614019117366445,-0.7981358008568895,0,zero,0,-0.09822488831041021,-0.07618534958376655,2.276560389229718,1.3258319999454526,1.3644481861611932,-0.42926733726309546,0.13223904517915494,2.2760322836457814,1.2904485437906361,1.431804003878515,-0.3211096236012493,0.5214813894107236,-0.11823866407298249,0.10531786931160343,-0.09031534496268291,0.5174837181391654,-2.5663960539671797,9.024583018231223,22.31631758190517,1.0,-0.14976756274700165,-3.5282206041209463e-06,1.9980903864791344e-07,0.0,0.0,0.0,1,-0.08023115316403591,1.8045181578116622,-9.0,-9.0,-0.08023115316403591,-1.426938831295304,-0.6619413050304657,-0.1900369405092397,0.00397518966284435,-0.0027950074453275612,-0.002340555227373846,-0.023248620797088938,0.15523158655104508,0.4897020352063904,0.0,0.0,0.0,0.0,0.0,-0.15044281485849598,12.03012105207775,-30.0,-30.0,44.09927942232375,3.231456989106966,-8.338058694969535,-8.80996305949076,-0.15044281485849598,12.03012105207775,-68.73458218369097,-101.98867746274732,123.575400319542,4.179999999999955
0.0,0.0,0.0,0.0,0.0,0.0,0.0,0.0,0.0,0.0,0.0,0.0,0,0.0,-1.5707963267948966,nan,-0.223497724390425,-0.25979411411531855,-0.10179361501149567,0.02127047675693783,-1.570792569060346,-0.2135646774929503,-0.24799264516229494,0.8598568786810582,-0.11086666820174126,1.108427371483712,0.6885259605163424,0.7954232478067591,-0.3490631696382279,0.017895820302786847,0.009933046897474707,0.011801468953023614,-0.009073053190245595,0.01493802937529529,0.009639928431300102,0.011369503138069226,-0.000975140938547326,-8.110018113967278,6.9768451721077795,-0.5226574753280889,0.2295856857841614,-1.570793070493749,0.8603654271556879,1.0,-0.8614019117209699,-0.7981358476871728,0,zero,0,-0.22958568578416116,-0.20831520902722378,2.2817424649597173,1.324657036228852,1.3654947530868349,-0.4301648207911395,0.3319268911211736,2.281234829895527,1.2691676743669253,1.5075060301562118,-0.13532769412407633,0.5149155326847418,-0.11674994722989061,0.10399183533488363,-0.08917820444870848,0.5227032175973889,-1.775961919844102,6.28333279864145,15.205441208567798,1.0,-0.5199602246284485,-3.256301147835927e-06,5.014334032438228e-07,0.0,0.0,0.0,1,-0.14475430517644933,2.065359744821837,-9.0,-9.0,-0.14475430517644933,-0.3388976849974926,-3.5505967643144274,-3.4619000780431057,0.004791558758953817,-0.0027950074452767018,-0.0023405553647049423,-0.018435011879005578,0.11889907702155439,0.36907932695594375,0.0,0.0,0.0,0.0,0.0,-0.2714312866612588,13.769064965478915,-30.0,-30.0,44.60561427631008,2.4042574298193298,-5.449403235685573,-5.538099921956894,-0.2714312866612588,13.769064965478915,-76.88712178023415,-116.50145861019728,140.26360960320045,4.189999999999955
0.0,0.0,0.0,0.0,0.0,0.0,0.0,0.0,0.0,0.0,0.0,0.0,0,0.0,-1.5707963267948966,nan,-0.2272526000582058,-0.26137196405675894,-0.0986609460510463,0.020511239619311672,-1.5707925398600413,-0.2147153402233513,-0.24676439151685645,0.8547410007613867,-0.1105980951104723,0.4781128267612903,0.26042129373798073,0.2806103586878883,-0.2864095869180405,0.022650818690328277,0.012537259834854514,0.014607572539902497,-0.011937149059426,0.012724706136871917,0.008148339304835436,0.009433707923550179,-0.0025549692084575783,-1.5820863811347323,1.3755425286343081,-0.525533923093054,0.28678667703509886,-1.570793173732751,0.85511785556815,1.0,-0.861401911720968,-0.7981358476871638,0,zero,0,-0.28678667703509886,-0.2662754374157874,2.286858340219552,1.3234970825496413,1.3665279502305308,-0.43105083906189723,0.4233322604799762,2.28648261694607,1.2576466957111234,1.5445138130828806,-0.05263992382155928,0.5082417789989082,-0.11523676624934444,0.1026440105941068,-0.0880223772637477,0.5255429781570837,-0.7150700314190446,1.8246506974227397,3.2060309859029847,1.0,-0.7782043218612671,-3.1530621455999608e-06,6.338727098764707e-07,0.0,0.0,0.0,1,-0.16792991657921227,1.6996656945512265,-9.0,-9.0,-0.16792991657921227,0.4396301097604148,-5.488997449052271,-5.5617150591327285,0.004791558758953817,-0.0027950074452766957,-0.002340555364704916,-0.011258619161432504,0.05057718522939013,0.13146930666176798,0.0,0.0,0.0,0.0,0.0,-0.31488827410315445,11.33110463034151,-30.0,-30.0,43.91461131296638,1.2600355847908118,-3.5110025509477287,-3.4382849408672715,-0.31488827410315445,11.33110463034151,-59.02464707093671,-88.1635038023003,106.70147820586072,4.199999999999955
0.0,0.0,0.0,0.0,0.0,0.0,0.0,0.0,0.0,0.0,0.0,0.0,0,0.0,-1.5707963267948966,nan,-0.2260291023656809,-0.2572214629467675,-0.09950508217162801,0.019761985265712045,-1.5707925111662244,-0.21584383947614136,-0.24554688779843523,0.849692387651873,-0.11033302254330876,0.3919784081132291,-0.23519969453149603,-0.29329973915702134,0.110920868774525,0.018901840590687544,0.010185262889539554,0.011674575148332283,-0.01082794037168075,0.005875442758623846,0.0038574010908741544,0.004326150241337905,-0.0009621374763308307,5.957904440010329,-5.235329111273001,-0.5243106342975674,0.24811634148616046,-1.5707930853650713,0.8498612606419235,1.0,-0.861401911720968,-0.7981358476871638,0,zero,0,-0.24811634148616069,-0.2283543562204482,2.2919069506581704,1.3223523802346426,1.3675475626369877,-0.4319252077404444,0.37220672091634543,2.2917390839750196,1.2576751561691144,1.5316353770829754,-0.104160260326003,0.5014630630538062,-0.11369978653395173,0.10127498777852086,-0.08684837166849964,0.5242783064016562,0.506166383097457,-3.427293041397401,-10.852415112734384,1.0,-0.6002246737480164,-3.2414298249960893e-06,5.741988466922976e-07,0.0,0.0,0.0,1,-0.12746428571452234,0.6576273114981692,-7.686447729938703,-9.0,-0.12746428571452234,0.7509834292671874,-6.446401038141029,-6.730550656114288,0.004791558758953817,-0.0027950074452766957,-0.002340555364704916,0.006417346612714092,-0.04306816941863806,-0.17637783318053768,0.0,0.0,0.0,0.0,0.0,-0.2390104738693462,4.3841820766544615,-25.62149243312901,-30.0,39.69557976637657,-0.0933561177690182,-1.2400466917976738,-2.2694493438857117,-0.2390104738693462,4.3841820766544615,-25.62149243312901,-31.416670367509983,40.77678542957432,4.209999999999955
0.0,0.0,0.0,0.0,0.0,0.0,0.0,0.0,0.0,0.0,0.0,0.0,0,0.0,-1.5707963267948966,nan,-0.21983956426532383,-0.24756275895537702,-0.1023660154883303,0.01902286724381952,-1.5707924829805175,-0.21695019972743299,-0.24434063948363433,0.8447120740294695,-0.11007150638147936,1.159412913798551,-0.7295898351648705,-0.8452455676589588,0.3122449478531686,0.008837707351310507,0.0028893645378908484,0.003222119471742696,-0.007705490893149064,0.003852749735567021,-0.002288281516514293,-0.0027460101733080815,0.0014376635051983888,11.542834436264398,-10.250048957143797,-0.5169167919482602,0.11886137380418593,-1.5707927915411022,0.8446477701942143,0.5527597381040745,0.813512354177644,0.7993010098780698,0,zero,0,-0.11886137380418571,-0.09983850656036619,2.296887261601266,1.3212231638818883,1.3685533813443989,-0.43278774763157146,0.18725273637530124,2.2969520631249183,1.2705679314246567,1.4690379877894018,-0.28311986739971506,0.4945823854983482,-0.1121396884391882,0.09988537289623355,-0.08565670734525237,0.5168452597219434,1.792712016801582,-7.825425736382921,-21.46970203605994,1.0,-0.20336824655532837,-3.5352537945954055e-06,3.085605846386841e-07,0.0,0.0,0.0,1,-0.03521083502852279,-1.3959112277979662,5.1449920360042825,9.0,-0.03521083502852279,0.45455725719690876,-4.378488628329793,-3.9848626037266333,0.002648580764709596,0.0026396192715760136,0.0023439722349339366,0.015526628115741545,-0.12134222748400204,-0.43109353002466244,0.0,0.0,0.0,0.0,0.0,-0.06602444220611811,-9.306074851986441,17.14997345334761,30.0,35.78727396475276,-1.850468484994875,9.523480664334075,12.984862603726633,-0.06602444220611811,-9.306074851986441,17.14997345334761,40.88484474904407,45.30231239110988,4.2199999999999545
0.0,0.0,0.0,0.0,0.0,0.0,0.0,0.0,0.0,0.0,0.0,0.0,0,0.0,-1.5707963267948966,nan,-0.2115991036131076,-0.23585291507349612,-0.10227660621733736,0.01829403459918688,-1.5707924553042834,-0.21803445631218538,-0.24314614292682038,0.8398010642348712,-0.1098136008942728,1.4055293376201392,-0.9324717236968622,-1.0515347325066953,0.016849621621362054,0.01230492688487768,-0.006435352699077773,-0.007293227853324258,-0.0075369946769354434,0.011779435987156505,-0.007728320944746804,-0.008825285276098833,0.0010688813526199947,11.903251842978886,-10.679000381981448,-0.5023730554901438,-0.04439463230530882,-1.5707923506322143,0.8395551378550533,-0.6522776108280421,0.8614018988581559,0.7981358008480843,0,zero,0,0.044394632305309045,0.0626886669044957,2.301798268710765,1.3201096612110905,1.3695452035176332,-0.4336382847939998,0.08295501243687166,2.302043898278536,1.293806148815816,1.3806512136962152,-0.5115244551203282,0.4876028129297739,-0.11055716727339703,0.098475785274212,-0.08444791539788263,0.502288143564182,2.5526616895327408,-9.016851062024799,-22.455703760021844,1.0,-0.20099331438541412,-3.9761626822176765e-06,-1.0467206923436834e-07,0.0,0.0,0.0,1,0.06636588372110819,-4.211670442525367,9.0,9.0,0.06636588372110819,-0.5328049461054704,-0.6637945066006326,0.19358189720048746,-0.0031254264994325744,0.0027950074035404805,0.0023405552273480248,0.022037280628378463,-0.15256823968680092,-0.4932864516365234,0.0,0.0,0.0,0.0,0.0,0.12444380971518504,-28.077802950169115,30.0,30.0,50.87610937139653,-3.678865496419897,9.663794506600633,8.806418102799512,0.12444380971518504,-28.077802950169115,55.759293185546724,100.88579552111278,118.63987954836198,4.229999999999954
0.0,0.0,0.0,0.0,0.0,0.0,0.0,0.0,0.0,0.0,0.0,0.0,0,0.0,-1.5707963267948966,nan,-0.20528880492814233,-0.22656682218840168,-0.09908600641949344,0.017575631777372314,-1.570792428138633,-0.21909665511793588,-0.24196388491242876,0.8349603316130311,-0.10955935870296984,1.134231258852093,-0.7372497490715779,-0.810383487070282,-0.2936357606540957,0.023182264243278874,-0.013807850189793552,-0.015397062724027077,-0.0104733522834764,0.015147983179479449,-0.010049425981605556,-0.011266140347033387,-0.001242784585907767,7.971198922116557,-7.222449764477793,-0.48474967423866877,-0.1765255155322052,-1.5707919063805607,0.8346350300013073,-1.0,0.8614019117209788,0.7981358476871729,0,zero,0,0.1765255155322052,0.19410114730957773,2.306638998644309,1.3190120929141143,1.3705228325814236,-0.43447665065459795,0.27250931403708334,2.3069632161892453,1.3180413588292768,1.3018755032180727,-0.6981958630122899,0.4805274778936454,-0.10895293329778778,0.09704685755828175,-0.08322253835185499,0.48468628368565425,2.1722656267556406,-6.700617131757454,-15.284923649078976,1.0,-0.5831426382064819,-4.4204143359038994e-06,-5.217580723027027e-07,0.0,0.0,0.0,1,0.12022854979368221,-4.5,9.0,9.0,0.12022854979368221,-1.7176715469853567,2.5776798507198144,3.4634955654602733,-0.004791558758953817,0.002795007445276731,0.0023405553647049427,0.021101078959306522,-0.12530587060785428,-0.3706964612368575,0.0,0.0,0.0,0.0,0.0,0.22544262102696833,-30.0,30.0,30.0,51.96201328254493,-2.7823284530146433,6.422320149280186,5.536504434539727,0.22544262102696833,-38.62654283877704,70.16217844562325,114.6484038363268,139.85366789077864,4.239999999999954
0.0,0.0,0.0,0.0,0.0,0.0,0.0,0.0,0.0,0.0,0.0,0.0,0,0.0,-1.5707963267948966,nan,-0.2034182967802995,-0.22237434995594468,-0.09695544221551178,0.016867798526075006,-1.5707924014844237,-0.22013685227489174,-0.24079434221721002,0.8301908178536821,-0.1093088307448486,0.4598352383652187,-0.29107053047986997,-0.30229295372382614,-0.1880036245860417,0.027774312248687386,-0.016718555494592252,-0.01841999226126534,-0.012353388529336817,0.013005063870810138,-0.008624822596949546,-0.009509216388613457,-0.002078202379347324,1.6366445493453399,-1.4970978834515642,-0.4676902871962893,-0.23459933849138692,-1.570791658148882,0.8298936456261006,-1.0,0.8614019117209679,0.7981358476871638,0,zero,0,0.23459933849138714,0.25146713701746215,2.3114085097147314,1.3179306725054487,1.371486078353555,-0.4353026821225959,0.3637906509473795,2.3117041948885557,1.3316212614677745,1.2624628853148607,-0.7821024246837869,0.47335957888386476,-0.10732771172644039,0.09559923571313039,-0.08198113015422487,0.4676758239154715,0.6965806977249904,-1.844717881347689,-3.3662259421796206,1.0,-0.8392650485038757,-4.668646014671651e-06,-7.433355415642495e-07,0.0,0.0,0.0,1,0.11034421462541455,-4.5,9.0,9.0,0.11034421462541455,-2.6800636481342153,4.8370147402953325,5.564637293907111,-0.004791558758953817,0.0027950074452766953,0.002340555364704916,0.012094754048581374,-0.05313137353239054,-0.1344033912203992,0.0,0.0,0.0,0.0,0.0,0.20690833419353938,-30.0,30.0,30.0,51.961936175038346,-1.8199363518657847,4.1629852597046675,3.4353627060928886,0.20690833419353938,-33.15868619815247,56.659465889596845,86.26350455106443,108.40308378349856,4.249999999999954
0.0,0.0,0.0,0.0,0.0,0.0,0.0,0.0,0.0,0.0,0.0,0.0,0,0.0,-1.5707963267948966,nan,-0.20696553743173562,-0.224180632483354,-0.09879565483541583,0.016170669797271442,-1.5707923753422712,-0.2211551138432595,-0.23963798118257582,0.8254934323318366,-0.10906206623725836,0.441910235330655,0.2528979083068372,0.296264356204351,0.20869771274942828,0.02335964277594356,-0.01418957641152388,-0.015457348699221829,-0.010266411401842535,0.005952945475762195,-0.004056715763454089,-0.0043566710860721385,5.839496871442099e-06,-5.647130359970894,5.213392121991341,-0.4531045857060967,-0.19789147320264933,-1.570791750590442,0.8253111387274406,-1.0,0.8614019117209679,0.7981358476871638,0,zero,0,0.19789147320264933,0.21406214299992055,2.316105892549553,1.3168656061726767,1.3724347571780537,-0.43611622170380326,0.3110997626464362,2.316286934631887,1.3268861843213877,1.2796914041392373,-0.7329011404970539,0.4661023803426519,-0.10568224272630014,0.09413357902230295,-0.08072425617363475,0.45314988432569325,-1.2583317828428917,4.144932591764254,10.572269550774038,1.0,-0.6332007646560669,-4.576204454487254e-06,-6.247518289370646e-07,0.0,0.0,0.0,1,0.05880668776010096,-2.469505554878074,6.170292832309677,9.0,0.05880668776010096,-2.9980129781251668,5.719614953513117,6.735970823447183,-0.004791558758953817,0.0027950074452766953,0.002340555364704916,-0.010781915973864568,0.05265746944860304,0.17095118966349057,0.0,0.0,0.0,0.0,0.0,0.11026943138965115,-16.463370365853827,20.56764277436559,30.0,39.925964640127184,0.5285074232470928,0.45067787879655974,2.2640291765528167,0.11026943138965115,-16.463370365853827,20.56764277436559,30.17391267576194,40.05680539695088,4.259999999999954
0.0,0.0,0.0,0.0,0.0,0.0,0.0,0.0,0.0,0.0,0.0,0.0,0,0.0,-1.5707963267948966,nan,-0.2157512583785428,-0.2316110983330721,-0.10262786528535925,0.015484375649349014,-1.5707923497125482,-0.22215151549868953,-0.2384952572971749,0.8208690514483103,-0.10881911264177019,1.2279252389887143,0.7789319291377161,0.857318973511903,0.4075164045431595,0.011255508859011712,-0.0064002571201467184,-0.006884158964102799,-0.006191247356410939,0.0046281840849068095,0.002484005951919362,0.002806046059341165,0.002715862269606061,-11.113097446221722,10.351940560161722,-0.44505130984642693,-0.0712884120972137,-1.5707921215006546,0.8208409142214107,-0.2342871456016085,-0.8614389614857221,-0.7993010186741472,0,zero,0,0.0712884120972137,0.08677278774656294,2.3207302707504547,1.3158170926269472,1.373368692058377,-0.4369171176148238,0.12262392277683155,2.3207579364360864,1.3054686254244818,1.3504686108057025,-0.556938453955362,0.45875921266055186,-0.10401728141717935,0.09265056008820348,-0.0794524932003154,0.4451355800987193,-2.555436918513055,8.551047397258492,21.183221894163626,1.0,-0.19969403743743896,-4.205294241721447e-06,-2.2821189382682405e-07,0.0,0.0,0.0,1,-0.005271026104468835,0.2892725109270282,-8.589546220467462,-9.0,-0.005271026104468835,-2.4800862228498226,3.0478285005061436,3.991184070414973,-0.0011226006246176754,-0.002795127661365056,-0.002343972260728676,-0.021511919292965514,0.13467346850509712,0.42476852838677553,0.0,0.0,0.0,0.0,0.0,-0.009883791682859244,1.928483406180188,-28.63182073489154,-30.0,41.51506117702605,2.769358733776851,-11.637374720973606,-12.991184070414974,-0.009883791682859244,1.928483406180188,-28.63182073489154,-41.56403244683135,50.50810922786028,4.269999999999953
0.0,0.0,0.0,0.0,0.0,0.0,0.0,0.0,0.0,0.0,0.0,0.0,0,0.0,-1.5707963267948966,nan,-0.22635985277601128,-0.24084276211863417,-0.10303562474941463,0.014809041149242308,-1.57079232459539,-0.22312614221671667,-0.23736661478979781,0.8163185179702366,-0.10858001562839634,1.41621927339811,0.963396767944133,1.0360306292939159,0.06468564774292362,0.007299366715818923,0.0032337105592946114,0.00347614732883636,-0.005544390878981703,0.01211675884158181,0.008064376085035468,0.008762060412649823,0.0022378517621222827,-11.573473420054862,10.877336596635175,-0.44633524758574317,0.09028990861988206,-1.5707925205841333,0.8163932126375204,0.8262460412090361,-0.8614019117231032,-0.798135800848515,0,zero,0,-0.09028990861988184,-0.07548086747063998,2.325280801552763,1.3147853229534487,1.3742877127905981,-0.4377052238972709,0.1314925627664613,2.3252064891635897,1.279067118865362,1.4416530534069874,-0.33057721952437025,0.45133347217644854,-0.10233359787176041,0.09115086483209778,-0.07816642944608825,0.44641476782741396,-2.545915955169592,8.979237488367811,22.31606900000176,1.0,-0.14771780371665955,-3.8062107634573294e-06,1.9598874345660988e-07,0.0,0.0,0.0,1,-0.06846003478886625,1.7952563685061567,-9.0,-9.0,-0.06846003478886625,-1.4288168168630917,-0.6488454419149952,-0.18993739478945343,0.003959006455806074,-0.0027950074452836237,-0.0023405552273492876,-0.023097908811991936,0.15442614136077776,0.4896400215339099,0.0,0.0,0.0,0.0,0.0,-0.12837058839089865,11.968375790041044,-30.0,-30.0,44.08240576533459,3.2240731853692486,-8.351154558085005,-8.810062605210547,-0.12837058839089865,11.968375790041044,-68.42558314110912,-101.83592119724803,123.27154486073641,4.279999999999953
0.0,0.0,0.0,0.0,0.0,0.0,0.0,0.0,0.0,0.0,0.0,0.0,0,0.0,-1.5707963267948966,nan,-0.23460043064863312,-0.2473759530091716,-0.09950962890099471,0.014144786274565613,-1.5707922999907016,-0.22407908795707732,-0.23625248623268524,0.8118426403715745,-0.10834481903987989,1.1064376918677017,0.728763213226119,0.7647319447649986,-0.3290799259903471,0.017677407896832725,0.010521342691555802,0.011123466776486346,-0.008835190138885174,0.0149706974595701,0.010216589975442416,0.010920258992245828,-0.0007007247975791379,-7.7757537141714925,7.374069651835121,-0.45129639665031923,0.22186440266205243,-1.570792793640795,0.8119041843524032,1.0,-0.8614019117209682,-0.7981358476871728,0,zero,0,-0.2218644026620522,-0.20771961638748682,2.3297566764849384,1.3137704804618764,1.375191656096599,-0.4384804005319846,0.3309409848947955,2.3296961046963185,1.2579613267984906,1.517030910040349,-0.14473068355807375,0.44382862117754673,-0.10063197711559178,0.08963519249410974,-0.07686666454436226,0.45134518096616166,-1.7602966595447858,6.259240290568082,15.215248971522302,1.0,-0.5136762857437134,-3.533154101731384e-06,4.936500932473109e-07,0.0,0.0,0.0,1,-0.13068999250898883,2.0613471544026205,-9.0,-9.0,-0.13068999250898883,-0.3425087701477727,-3.540107006535153,-3.4620594787704095,0.004791558758953817,-0.0027950074452766966,-0.0023405553647049423,-0.018319312345223403,0.11844174086317265,0.369259324113714,0.0,0.0,0.0,0.0,0.0,-0.24505905214511314,13.742314362684137,-30.0,-30.0,44.597211325170015,2.403855924550393,-5.459892993464846,-5.53794052122959,-0.24505905214511314,13.742314362684137,-76.68422433000971,-116.40396299090563,140.06878352818396,4.289999999999953
0.0,0.0,0.0,0.0,0.0,0.0,0.0,0.0,0.0,0.0,0.0,0.0,0,0.0,-1.5707963267948966,nan,-0.23825926673201728,-0.24896482261702838,-0.09649595055443952,0.013491725815747202,-1.5707922758981596,-0.22501045534877565,-0.23515329215529523,0.8074421921736252,-0.10811356485605719,0.4733566949080434,0.27274686916858304,0.26880636852467943,-0.27824241627324997,0.022388799405623497,0.013248811383241632,0.01381153046173314,-0.011617614301617674,0.01271183705500953,0.008614126448364283,0.009056186726946578,-0.0023179967237640584,-1.5186897618730417,1.4533647053922667,-0.45392109036141476,0.27917589291449785,-1.5707928990403042,0.8073728095002538,1.0,-0.8614019117209679,-0.7981358476871638,0,zero,0,-0.27917589291449785,-0.26568416709875065,2.3341571220280555,1.312772740536906,1.3760803657572573,-0.43924251355324734,0.42233266167197586,2.3342277115394956,1.246574576654898,1.5539029805010078,-0.061933895951683623,0.4362481878993755,-0.09891321912708874,0.08810425563322212,-0.07555380955013463,0.4539307564718043,-0.7031292827418094,1.817584791908113,3.216520652387764,1.0,-0.7693029046058655,-3.4277545921668207e-06,6.231421445512808e-07,0.0,0.0,0.0,1,-0.16409125137861008,1.7037306664642469,-9.0,-9.0,-0.16409125137861008,0.43684021429274583,-5.481881420130755,-5.561935064572499,0.004791558758953817,-0.0027950074452766953,-0.002340555364704916,-0.011169959814819228,0.050411369606251456,0.13170058981137459,0.0,0.0,0.0,0.0,0.0,-0.30769032698033016,11.35820444309498,-30.0,-30.0,43.92156055411123,1.266890452171501,-3.5181185798692454,-3.4380649354275006,-0.30769032698033016,11.35820444309498,-58.96177816982325,-88.11226430865585,106.62722864284869,4.299999999999953
0.0,0.0,0.0,0.0,0.0,0.0,0.0,0.0,0.0,0.0,0.0,0.0,0,0.0,-1.5707963267948966,nan,-0.23662878926051223,-0.24502601493875031,-0.09731659597738518,0.01284996927816473,-1.5707922523172182,-0.2259203553767735,-0.23406944066855573,0.8031179112855527,-0.10788629315828735,0.3962628292872493,-0.2540377499502894,-0.28549561915385546,0.10479171207155025,0.018612779869666574,0.010708433883738738,0.010956574270194586,-0.010569697180902171,0.005838077843801677,0.004042012077245885,0.004126849649030041,-0.0008452237881100277,5.7121444058134205,-5.516300384766364,-0.4522841798179869,0.24047051348096526,-1.5707928188341092,0.802836184690303,1.0,-0.8614019117209679,-0.7981358476871637,0,zero,0,-0.2404705134809655,-0.22762054420280053,2.338481400275281,1.311792270488666,1.3769536927456336,-0.43999143516299866,0.37126918351331667,2.338764195374603,1.2467021760074861,1.5410412074797257,-0.11337347215055682,0.4285957665257995,-0.09717813883753594,0.08655878012727873,-0.07422848693999258,0.4522497276433343,0.5147851710732321,-3.4199095191006643,-10.846043709299822,1.0,-0.5919632911682129,-3.507960787629827e-06,5.665168911761498e-07,0.0,0.0,0.0,1,-0.14168526733101675,0.6701366290943166,-7.704503133951446,-9.0,-0.14168526733101675,0.7514689278145427,-6.445451376237975,-6.730694988738584,0.004791558758953817,-0.0027950074452766953,-0.0023405553647049154,0.006479938618329621,-0.04299152609605789,-0.17622733579176347,0.0,0.0,0.0,0.0,0.0,-0.2656764810257205,4.467577527295444,-25.68167711317149,-30.0,39.74390987686242,-0.08133229872022607,-1.259051757713471,-2.269305011261416,-0.2656764810257205,4.467577527295444,-25.68167711317149,-31.365515820600912,40.784481791393745,4.3099999999999525
0.0,0.0,0.0,0.0,0.0,0.0,0.0,0.0,0.0,0.0,0.0,0.0,0,0.0,-1.5707963267948966,nan,-0.22975777023392552,-0.23578430176439502,-0.10001834114789085,0.012219620784280405,-1.5707922292471133,-0.2268089070711692,-0.23300132709960084,0.7988704993448866,-0.10766304209394906,1.16436365134429,-0.7759570720982434,-0.81735996054004,0.2924996234843963,0.008653449860732463,0.0029488631627563044,0.0027829746647941855,-0.007644700946058208,0.003910101173997494,-0.002473993749555599,-0.00269306689080549,0.0013840653307209388,11.07204205592523,-10.788870720230591,-0.444168330315552,0.11103906371640337,-1.5707925350582264,0.7983484001234981,0.5598013410459173,0.8110880809719299,0.7993010182489064,0,zero,0,-0.1110390637164036,-0.09881944293212275,2.3427288095913665,1.3108292294032065,1.377811495360162,-0.44072704384505235,0.18656827446881927,2.343251430285018,1.2596789309606493,1.4785861563251277,-0.29228324106933257,0.4208750171890072,-0.09542756613108469,0.08499950517298213,-0.07289133061211144,0.4440927523214931,1.8013895080318876,-7.807442258983957,-21.465351477026182,1.0,-0.20032379031181335,-3.7917366704220967e-06,3.05811113321397e-07,0.0,0.0,0.0,1,-0.07007202597975128,-1.3770868538583043,5.087715850105702,9.0,-0.07007202597975128,0.4597722187608874,-4.391515947317826,-3.9849572394631014,0.002682321018962658,0.0026317531854121016,0.0023439722594816455,0.01558545045298315,-0.12107541036516678,-0.4309955288072265,0.0,0.0,0.0,0.0,0.0,-0.13139326079083308,-9.180579025722029,16.95905283368567,30.0,35.663843994334805,-1.8368590726191918,9.479231797423527,12.984957239463101,-0.13139326079083308,-9.180579025722029,16.95905283368567,40.95787663828506,45.27093357960742,4.319999999999952
0.0,0.0,0.0,0.0,0.0,0.0,0.0,0.0,0.0,0.0,0.0,0.0,0,0.0,-1.5707963267948966,nan,-0.22076773347303352,-0.22459208548898435,-0.09971507592724876,0.011600778975771053,-1.570792206686865,-0.22767623719971933,-0.23194933363698358,0.794700621058048,-0.10744384784100838,1.4142095623130821,-0.985736688944211,-1.014022281279342,-0.008407096770141065,0.012711822817668179,-0.006908503726685805,-0.007357248147999235,-0.007728771913759619,0.011875680606081112,-0.008206382754928842,-0.008540410940505908,0.0008651317267009458,11.425043423924162,-11.230301541550745,-0.4284083364078591,-0.052484902345496076,-1.5707920979196646,0.7939908043735189,-0.6450505884857337,0.8614018984820527,0.7981358008484944,0,zero,0,0.052484902345495854,0.06408568132126735,2.346898685272124,1.3098837679929722,1.3786536393578372,-0.4414492244793118,0.0844628630176885,2.3476081829240454,1.2830173685621178,1.3903989270843204,-0.5206560211578206,0.41308966596951513,-0.09366234584475402,0.0834271832858944,-0.07154298588625532,0.4283193500762844,2.563794029717438,-8.99714357131539,-22.4536916299457,1.0,-0.2086222767829895,-4.228875232215046e-06,-1.0876720057950706e-07,0.0,0.0,0.0,1,0.01643819470397038,-4.19230332445261,9.0,9.0,0.01643819470397038,-0.5230636934402887,-0.6800815122216302,0.1935259614071796,-0.0030907977972271317,0.002795007402320131,0.0023405552273492274,0.022110779322996852,-0.15223766887721432,-0.49322868035036876,0.0,0.0,0.0,0.0,0.0,0.0308235415412908,-27.948688829684066,30.0,30.0,50.80482415469244,-3.6692396310123208,9.68008151222163,8.806474038592821,0.0308235415412908,-27.948688829684066,55.44710173198956,100.96989574798971,118.53451436280797,4.329999999999952
0.0,0.0,0.0,0.0,0.0,0.0,0.0,0.0,0.0,0.0,0.0,0.0,0,0.0,-1.5707963267948966,nan,-0.21385706897842632,-0.21575381883927375,-0.09635669105748176,0.010993536915663293,-1.570792184635288,-0.22852247996455485,-0.23091382898631707,0.7906089035408518,-0.10722874457264744,1.1442592550250996,-0.7756907259442725,-0.7802761999044089,-0.31432816014060616,0.023729764741504334,-0.01466541098612853,-0.015160010147043324,-0.01087205351516568,0.015278961156817546,-0.010623391182930673,-0.010876199026066593,-0.0015160832930146886,7.659037183452644,-7.591563697824147,-0.4093007323899903,-0.1849022116701522,-1.5707916515112776,0.7898187334185778,-1.0,0.8614019117209789,0.7981358476871729,0,zero,0,0.1849022116701522,0.1958957485858157,2.3509904002039166,1.3089560284472728,1.3794799980874055,-0.44215786845598637,0.2737038739284507,2.3517794266571617,1.3073852095513308,1.3117587898971057,-0.7073456482082584,0.4052435048961659,-0.0918833377684302,0.08184258030043685,-0.07018410950377682,0.40923465221622296,2.1870641626459943,-6.69318412985652,-15.290030927664024,1.0,-0.600027322769165,-4.675283618915671e-06,-5.331240102712798e-07,0.0,0.0,0.0,1,0.06914908792482574,-4.5,9.0,9.0,0.06914908792482574,-1.7077532339547015,2.5652361062297317,3.4635666353467744,-0.004791558758953817,0.002795007445276731,0.0023405553647049427,0.02119893162747191,-0.1251255726570933,-0.3707665308399156,0.0,0.0,0.0,0.0,0.0,0.12966264377428416,-30.0,30.0,30.0,51.96168600422037,-2.7922467660452988,6.434763893770269,5.5364333646532256,0.12966264377428416,-38.50783438600913,69.81352828140862,114.74970226102256,139.729356334286,4.339999999999952
0.0,0.0,0.0,0.0,0.0,0.0,0.0,0.0,0.0,0.0,0.0,0.0,0,0.0,-1.5707963267948966,nan,-0.2116321266329654,-0.2118167475802785,-0.09417002850220685,0.010397981990468042,-1.570792163090989,-0.22934777670392498,-0.22989516803629698,0.7865959356590366,-0.10701776442196131,0.466094391405487,-0.3050239084831041,-0.2918410308975161,-0.19756824045887855,0.028385522047075805,-0.01771565007095957,-0.018078420456018485,-0.012847735919754466,0.013133112044078878,-0.009099648198737074,-0.009180158416587212,-0.002323731066176513,1.58120652892964,-1.5797944751795647,-0.3907882153400987,-0.24319427029110408,-1.5707914030457748,0.7858395636633582,-1.0,0.8614019117209679,0.7981358476871638,0,zero,0,0.24319427029110408,0.2535922522815719,2.3550033655231313,1.3080461442827556,1.3802904526225492,-0.4428528737898061,0.36510249670805794,2.3557581738782543,1.3211384886248727,1.2722776760657046,-0.7913655622057562,0.3973403919461335,-0.09009141664486786,0.08024647536989102,-0.06881536962761789,0.39077314311427047,0.715627472975072,-1.8622983608928196,-3.381838385323695,1.0,-0.8613961935043335,-4.923749121754639e-06,-7.600452143208258e-07,0.0,0.0,0.0,1,0.07059450264259304,-4.5,9.0,9.0,0.07059450264259304,-2.6725330463732813,4.828879199673939,5.564922083644742,-0.004791558758953817,0.0027950074452766953,0.002340555364704916,0.012221973499494412,-0.05332525361360197,-0.13468763615743962,0.0,0.0,0.0,0.0,0.0,0.13237296576522228,-30.0,30.0,30.0,51.96169283810975,-1.8274669536267187,4.171120800326061,3.435077916355258,0.13237296576522228,-33.070558050148186,56.40821244256315,86.4086538874904,108.36060737170003,4.349999999999952
0.0,0.0,0.0,0.0,0.0,0.0,0.0,0.0,0.0,0.0,0.0,0.0,0,0.0,-1.5707963267948966,nan,-0.21508465874718521,-0.2136393065439065,-0.09609860145731758,0.0098141958123108,-1.5707921420523765,-0.23015227559979437,-0.22889369153501768,0.7826622673687661,-0.10681093744671524,0.4421220317413433,0.2648033218350415,0.28240354649073096,0.21353999303568016,0.023968385039960738,-0.015067616852609156,-0.015254384991111175,-0.010712335989397664,0.006028429047159689,-0.004293477700185806,-0.004229928821797315,-0.0001253322670913843,-5.414436574882633,5.4509736155848945,-0.3749458176754079,-0.20657039912547437,-1.57079150341834,0.7820323921130226,-1.0,0.8614019117209679,0.7981358476871638,0,zero,0,0.20657039912547415,0.21638459493778495,2.358937031275673,1.3071542401938758,1.38108489189508,-0.44353414523423895,0.31281059491332897,2.3595655886366167,1.3166161476523262,1.2891593831373498,-0.7423823447478967,0.38938425104491364,-0.08828747216968788,0.0786396609663967,-0.06743744584230818,0.37499282990006905,-1.2358113180089085,4.099318336515435,10.546553728538642,1.0,-0.6527845859527588,-4.823376556828407e-06,-6.386340363206955e-07,0.0,0.0,0.0,1,0.037851029887504405,-2.4629528884705834,6.156674390166195,9.0,0.037851029887504405,-2.9918378921931934,5.712215211593904,6.7364738523141705,-0.004791558758953817,0.0027950074452766953,0.002340555364704916,-0.010628209868545225,0.05200072004029302,0.17044845738519795,0.0,0.0,0.0,0.0,0.0,0.07097511698388226,-16.419685923137223,20.52224796722065,30.0,39.884505574342946,0.52888500372261,0.44445917857229134,2.2635261476858295,0.07097511698388226,-16.419685923137223,20.52224796722065,30.38229783622454,40.172849123740875,4.3599999999999515
0.0,0.0,0.0,0.0,0.0,0.0,0.0,0.0,0.0,0.0,0.0,0.0,0,0.0,-1.5707963267948966,nan,-0.22401424277214554,-0.2208750663591135,-0.10016418220674728,0.009242254121066829,-1.5707921215176617,-0.23093613139210262,-0.2279097257765003,0.7788084090571464,-0.10660829159416393,1.2334282924978746,0.8145728232652083,0.8219725573724385,0.42682266019810067,0.011786667085427983,-0.006921888619957073,-0.0070346594173867905,-0.006444109387416658,0.0046068886957367485,0.0025636296968982505,0.0026551651694574595,0.0027570499007069788,-10.668597342106272,10.82003988095754,-0.36602058768771534,-0.07992665206167171,-1.5707918869012585,0.7783479389909124,-0.2358766830140579,-0.8612615330037156,-0.7993010182691876,0,zero,0,0.07992665206167171,0.08916890618273854,2.362790887076444,1.3062804319033672,1.381863212828124,-0.44420159439570633,0.12501244949220344,2.3632508528681266,1.295425861562176,1.3593913986633903,-0.5666968874904412,0.3813790720663403,-0.08647240899138116,0.07702294288095539,-0.06605102915396797,0.36610832680105004,-2.533288646219066,8.494563235636255,21.15641111633137,1.0,-0.20965231955051422,-4.439893638075176e-06,-2.3461640319411003e-07,0.0,0.0,0.0,1,-0.004282152207541575,0.2907618536827073,-8.536305068762648,-9.0,-0.004282152207541575,-2.4750472265788885,3.052283774506012,3.991773084546706,-0.001130216986528982,-0.0027945519557374455,-0.0023439722595411205,-0.02135363248434205,0.13375112578707268,0.424179675659638,0.0,0.0,0.0,0.0,0.0,-0.008029537235217654,1.9384123578847152,-28.454350229208824,-30.0,41.39332740803938,2.765809080261596,-11.58858884326866,-12.991773084546706,-0.008029537235217654,1.9384123578847152,-28.454350229208824,-41.289078834552726,50.18162596922358,4.369999999999951
0.0,0.0,0.0,0.0,0.0,0.0,0.0,0.0,0.0,0.0,0.0,0.0,0,0.0,-1.5707963267948966,nan,-0.234849032375204,-0.22987064279988498,-0.10086990555489617,0.008682226686493433,-1.5707921014848645,-0.231699505100475,-0.2269435822973205,0.7750348308827489,-0.10640985266593256,1.4194604302667908,1.0071415894686075,0.9961719919951262,0.09041622763802659,0.007012718391110208,0.0031495272747290026,0.0029270605025644714,-0.005539947111036392,0.012130067746564421,0.008408481698492037,0.008396396087160272,0.0024364958054317615,-11.117265660968384,11.35785223572983,-0.36705928189308595,0.08174998885455298,-1.5707922943203796,0.7746917438630071,0.8249875463021553,-0.8614019117140203,-0.7981358008484956,0,zero,0,-0.0817499888545532,-0.07306776216805932,2.366564462768822,1.3054248260127155,1.3826253204693122,-0.44485513984779823,0.1293931621161141,2.3669079397671875,1.2692268355083318,1.4500754981068482,-0.3405351923494029,0.3733289108325609,-0.08464714671130291,0.07539714022342515,-0.06465682199030376,0.3671424562273484,-2.5268951459706996,8.93525533108359,22.301577037469336,1.0,-0.1431378871202469,-4.032474516968421e-06,1.928355151115113e-07,0.0,0.0,0.0,1,-0.05036293260079414,1.7966053430523363,-9.0,-9.0,-0.05036293260079414,-1.4249583696951702,-0.6395723442916111,-0.18957251292442312,0.00395297630351191,-0.002795007445254152,-0.002340555227349231,-0.02296097811980561,0.15365632027646495,0.4892752274832714,0.0,0.0,0.0,0.0,0.0,-0.09443640090154537,11.977368953682243,-30.0,-30.0,44.08476250686224,3.2215637127475065,-8.360427655708389,-8.810427487075577,-0.09443640090154537,11.977368953682243,-68.165444063234,-101.53926841311855,122.88294055521159,4.379999999999951
0.0,0.0,0.0,0.0,0.0,0.0,0.0,0.0,0.0,0.0,0.0,0.0,0,0.0,-1.5707963267948966,nan,-0.24320060704870308,-0.2362912370123589,-0.09759710196146082,0.008134177210359805,-1.5707920819518169,-0.23244256375416583,-0.22599555758320805,0.7713419621161156,-0.10621564428295269,1.1030131884015042,0.7608516019808248,0.7368618926586384,-0.3078595210455476,0.017205109188329043,0.01075804329453725,0.010295679429150856,-0.008618542321491868,0.014962287717534389,0.01065913305994087,0.010491441384891678,-0.0004273099813229507,-7.472248884230101,7.690625895106741,-0.37216482153410313,0.21341139872961779,-1.5707925704419086,0.7709951780171247,1.0,-0.8614019117209671,-0.7981358476871728,0,zero,0,-0.213411398729618,-0.20527722151925776,2.370257329084152,1.3045875198526276,1.3833711281239682,-0.44549470724549,0.3283085869896783,2.3706051249828692,1.2483000981447538,1.5251158572505952,-0.15476018013962473,0.365237889114065,-0.08281261988367923,0.07376308542252649,-0.06325553820061326,0.37221605927662804,-1.7428649737322526,6.231958446021654,15.211974987346958,1.0,-0.49960649013519287,-3.7563529877715496e-06,4.884900919321922e-07,0.0,0.0,0.0,1,-0.11005242601174255,2.0650836864500195,-9.0,-9.0,-0.11005242601174255,-0.3391775169594526,-3.5324945798333296,-3.461957541721389,0.004791558758953817,-0.0027950074452766926,-0.0023405553647049423,-0.01819627517403438,0.11794798686049635,0.3691574348309418,0.0,0.0,0.0,0.0,0.0,-0.20636119634678896,13.767224576333465,-30.0,-30.0,44.6046977063914,2.404261203409472,-5.46750542016667,-5.5380424582786105,-0.20636119634678896,13.767224576333465,-76.50765647895457,-116.15801837966676,139.77011766207852,4.389999999999951
0.0,0.0,0.0,0.0,0.0,0.0,0.0,0.0,0.0,0.0,0.0,0.0,0,0.0,-1.5707963267948966,nan,-0.24674151821563323,-0.2379441507832949,-0.09471970837156571,0.0075981632285822,-1.5707920629161667,-0.2331654801309864,-0.22506593278549106,0.7677301904802799,-0.1060256878504561,0.46725708737943383,0.2817994790109579,0.2582538568652981,-0.26874371573985256,0.021862810451811324,0.01357603808464683,0.012878217997803837,-0.011305979478890393,0.012666397271935635,0.008968878034826062,0.008700587613158542,-0.0020728294268137996,-1.4567471482328451,1.5105838176822775,-0.37497051337178344,0.27073215359817415,-1.5707926790409739,0.767255228621415,1.0,-0.8614019117209679,-0.798135847687164,0,zero,0,-0.27073215359817393,-0.26313399036959195,2.3738690983012227,1.3037686013335048,1.384100557488297,-0.44612022943935764,0.4195310910149362,2.374345319461368,1.2370843274114578,1.561795138133,-0.07197593486494902,0.35711019462965815,-0.08096977801560114,0.07212162422583704,-0.06184790305578099,0.37498064777937934,-0.6860529446417087,1.8030005975254668,3.2155108283532714,1.0,-0.7503179907798767,-3.6477539229196054e-06,6.161248071734349e-07,0.0,0.0,0.0,1,-0.15477652627303537,1.7100488621645418,-9.0,-9.0,-0.15477652627303537,0.4405427529364225,-5.476638252946087,-5.561916898500589,0.004791558758953817,-0.0027950074452766953,-0.0023405553647049162,-0.011050792952526122,0.050138654607898805,0.13168244971748247,0.0,0.0,0.0,0.0,0.0,-0.29022412576980194,11.400325747763612,-30.0,-30.0,43.932353194409025,1.2695061092281192,-3.5233617470539134,-3.4380831014994113,-0.29022412576980194,11.400325747763612,-58.8901117775098,-87.91255347234585,106.42703594667084,4.399999999999951
0.0,0.0,0.0,0.0,0.0,0.0,0.0,0.0,0.0,0.0,0.0,0.0,0,0.0,-1.5707963267948966,nan,-0.24473310270556634,-0.2342445491498523,-0.0955286697178469,0.007074236013353552,-1.5707920443753831,-0.23386843250595615,-0.22415497344722907,0.7641998614912798,-0.10584000252302359,0.401464365342779,-0.27113678850366474,-0.278864229518061,0.09946466737137116,0.01806001607486481,0.010864670199610182,0.010089575702623227,-0.010311332805176682,0.005773667281429114,0.004164303103716371,0.003934333568357933,-0.0007175185780975927,5.502137457327163,-5.748413544008541,-0.3733271736964382,0.23191510609055355,-1.5707926059438784,0.7635096372816772,1.0,-0.8614019117209679,-0.7981358476871638,0,zero,0,-0.23191510609055355,-0.2248408700772,2.3773994249057537,1.3029681487959124,1.3848135387825737,-0.44673164658979414,0.3684127521634466,2.3780907586870392,1.237386410609069,1.54884847626064,-0.12343758088921994,0.3489500810464822,-0.0791195855670292,0.07047361569979568,-0.060434653248281615,0.37329096535855943,0.5326111431406704,-3.424351383243077,-10.848988910355084,1.0,-0.5748381018638611,-3.720851018407245e-06,5.615684952609001e-07,0.0,0.0,0.0,1,-0.15215362653609452,0.6789163588013033,-7.708420576183714,-9.0,-0.15215362653609452,0.756274917603916,-6.442849019915905,-6.730638698614738,0.004791558758953817,-0.0027950074452766953,-0.002340555364704916,0.006603031416026731,-0.04309737691686186,-0.17628361178905141,0.0,0.0,0.0,0.0,0.0,-0.285305881372763,4.526109058675355,-25.694735253945716,-30.0,39.75910565426906,-0.07735855880261266,-1.2655715562678092,-2.2693613013852616,-0.285305881372763,4.526109058675355,-25.694735253945716,-31.168670970618336,40.648155339473846,4.40999999999995
0.0,0.0,0.0,0.0,0.0,0.0,0.0,0.0,0.0,0.0,0.0,0.0,0,0.0,-1.5707963267948966,nan,-0.23725802569546228,-0.22541598934378526,-0.09807285965191093,0.006562440475277542,-1.5707920263267592,-0.23455160441038891,-0.22326292923888022,0.760751277798669,-0.1056586051696847,1.1703594800129467,-0.8158248914536814,-0.7936515597718186,0.27255872874029086,0.008336901045835723,0.002706421285073368,0.0021530601049050413,-0.007585745517773773,0.003993010841323228,-0.0026579263218029763,-0.00266340743323663,0.0013363472944454228,10.666517856414284,-11.22669088513537,-0.3648474914435992,0.10225467103052299,-1.5707923298378637,0.7598148139626739,0.5613262813805122,0.8097332380269975,0.799301018268224,0,zero,0,-0.10225467103052299,-0.09569223055524567,2.38084800624988,1.3021862308610512,1.3855100108843328,-0.4473289062812254,0.18401422573249043,2.3817850005108037,1.2505494071210104,1.4864122829892388,-0.30237123234917584,0.3407618679800008,-0.07726302195079023,0.0688199322296996,-0.05901653689217756,0.3647686166688548,1.820524463493845,-7.801446603155812,-21.466827072218802,1.0,-0.19415894150733948,-3.996957032903481e-06,3.0351110424930994e-07,0.0,0.0,0.0,1,-0.1029310456923748,-1.3693321171452395,5.056887622383315,9.0,-0.1029310456923748,0.4655934776362721,-4.396477895193296,-3.984914620399425,0.002689627860179768,0.0026273571003016085,0.0023439722595382947,0.015717506008949264,-0.12101011525120318,-0.4310381401898422,0.0,0.0,0.0,0.0,0.0,-0.19300777365905644,-9.128880780968263,16.85629207461105,30.0,35.60208278764629,-1.8349255947815117,9.45336551757661,12.984914620399426,-0.19300777365905644,-9.128880780968263,16.85629207461105,41.16960664216983,45.41414768427802,4.41999999999995
0.0,0.0,0.0,0.0,0.0,0.0,0.0,0.0,0.0,0.0,0.0,0.0,0,0.0,-1.5707963267948966,nan,-0.22761538256368696,-0.21471864866273352,-0.09754968650708587,0.006062815065496441,-1.570792008767411,-0.23521518440210631,-0.22239003370333496,0.7573846985260437,-0.10548151033907135,1.4242813194304331,-1.030622312349272,-0.9824445145506483,-0.03460783142117119,0.013398543418075662,-0.007599801838419351,-0.007671385040601442,-0.007931823831985485,0.01199720155713978,-0.008627496636806023,-0.008310526392699899,0.000659012944316209,11.01470654147917,-11.676082113356964,-0.34819171471516064,-0.06156825082515627,-1.5707918947758102,0.7562561029175602,-0.6440599456292271,0.8614018984869036,0.7981358008484954,0,zero,0,0.06156825082515649,0.06763106589065249,2.384214583211628,1.301422906281231,1.386189921461555,-0.44791196363632546,0.0880757413453167,2.385342830196178,1.2740824269552868,1.3983291011384815,-0.5307443352024462,0.3325499409940083,-0.07540108153257928,0.06716145951970608,-0.05759431352312049,0.34809943989953773,2.5832833247809823,-8.984885844575157,-22.45322902403523,1.0,-0.22226786613464355,-4.432019086397787e-06,-1.1399160104730299e-07,0.0,0.0,0.0,1,-0.03268514200138224,-4.186985644785368,9.0,9.0,-0.03268514200138224,-0.5169633167105409,-0.6874106058701281,0.1935175317363093,-0.003086051073771042,0.0027950074023358707,0.0023405552273492304,0.02224721627924678,-0.15204721362837287,-0.4932202465033133,0.0,0.0,0.0,0.0,0.0,-0.06128847178207808,-27.913237631902454,30.0,30.0,50.785358041189674,-3.670022328074827,9.687410605870127,8.80648246826369,-0.06128847178207808,-27.913237631902454,55.23170326957427,101.17756703064583,118.6026715874097,4.42999999999995
0.0,0.0,0.0,0.0,0.0,0.0,0.0,0.0,0.0,0.0,0.0,0.0,0,0.0,-1.5707963267948966,nan,-0.2201799778893397,-0.20630946266273437,-0.09401750192543412,0.005575391677824504,-1.57079199169429,-0.23585936584744482,-0.22153650401013603,0.7541003386115442,-0.10530873022461684,1.1560849988912296,-0.8079586119685761,-0.7555656306800218,-0.33594044671972356,0.024600768919700783,-0.015679387958105112,-0.01522704134740166,-0.01129122829918272,0.015438114255128683,-0.011118376944102337,-0.010558767349643507,-0.0017970803931274919,7.393831455359767,-7.890783673871694,-0.32791912663085443,-0.19429403920693034,-1.5707914457453243,0.7528926509888486,-1.0,0.8614019117209789,0.7981358476871729,0,zero,0,0.19429403920693034,0.19986943088475506,2.387498940854407,1.3006782237903394,1.3868532271058573,-0.44848078143023296,0.2772119537466646,2.3887054236296934,1.298642839282655,1.319790623282449,-0.7174482071116457,0.32431875160062573,-0.07353477363095881,0.06549909659283172,-0.05616875409835067,0.3278508915885027,2.2061730244505475,-6.686273053744421,-15.293667830415542,1.0,-0.6292957067489624,-4.881049572524887e-06,-5.459489660353256e-07,0.0,0.0,0.0,1,0.018717493453945865,-4.5,9.0,9.0,0.018717493453945865,-1.7026933993579418,2.559457007998354,3.4636155314017665,-0.004791558758953817,0.002795007445276731,0.0023405553647049427,0.021332926726584624,-0.12497764277702245,-0.37081542462446954,0.0,0.0,0.0,0.0,0.0,0.035097493819512215,-30.0,30.0,30.0,51.961536080393856,-2.797306600642058,6.440542992001646,5.536384468598234,0.035097493819512215,-38.465645346816515,69.53110830945334,114.95459091239228,139.74526860812688,4.43999999999995
0.0,0.0,0.0,0.0,0.0,0.0,0.0,0.0,0.0,0.0,0.0,0.0,0,0.0,-1.5707963267948966,nan,-0.21762631604461224,-0.20262916770129,-0.09177454642995472,0.00510019555087915,-1.5707919751041792,-0.23648434671569574,-0.22070254071870563,0.7508983681483795,-0.10514027462980338,0.47443569965125987,-0.317864271297838,-0.28463316700139685,-0.20744999006659381,0.02934135005977746,-0.018858030671083492,-0.018073373017415628,-0.013365728199848659,0.013294637833965721,-0.009514506873613111,-0.008920943652814293,-0.0025764934371338873,1.5375690476304302,-1.6513339788922887,-0.30829392380838383,-0.25283691905611305,-1.5707911971836104,0.7497329019114299,-1.0,0.861401911720968,0.798135847687164,0,zero,0,0.2528369190561133,0.2579371146069924,2.3907009090864895,1.2999522219543134,1.3874998934656815,-0.44903533020476705,0.3686854529480668,2.3918647360053438,1.312587411130268,1.2802797629617069,-0.8015573923960895,0.31607281726030245,-0.07166512251735896,0.06383375579095271,-0.054740640996697155,0.30827835520791624,0.7348487595299609,-1.8731332175096995,-3.394615543127947,1.0,-0.899022102355957,-5.129611285958902e-06,-7.779205688507318e-07,0.0,0.0,0.0,1,0.03234739928296257,-4.5,9.0,9.0,0.03234739928296257,-2.668984503842401,4.825128016815436,5.565149907221307,-0.004791558758953817,0.0027950074452766957,0.0023405553647049162,0.012355905443241853,-0.05343238515727622,-0.13491545849970715,0.0,0.0,0.0,0.0,0.0,0.060655164603342526,-30.0,30.0,30.0,51.9615596287197,-1.8310154961575988,4.174871983184564,3.434850092778693,0.060655164603342526,-33.022148024737284,56.16929538557631,86.6429286646696,108.4087301416256,4.4499999999999496
0.0,0.0,0.0,0.0,0.0,0.0,0.0,0.0,0.0,0.0,0.0,0.0,0,0.0,-1.5707963267948966,nan,-0.22094915026877632,-0.20449785671875995,-0.09380048485472614,0.004637245170209692,-1.570791958993697,-0.23709032938659133,-0.2198883275503873,0.7477789117253396,-0.10497615093345683,0.44017744825650157,0.2716851553268479,0.26829021857882607,0.21900621211179694,0.02494593690435082,-0.016141179117815013,-0.015390470831627368,-0.01117566607873069,0.006145262666547687,-0.00452376368090396,-0.0041513469128167755,-0.0002571657240879495,-5.212675792892469,5.631922686708655,-0.29156569472367516,-0.2163521845925127,-1.5707913057627765,0.7467546602184183,-1.0,0.861401911720968,0.7981358476871638,0,zero,0,0.2163521845925125,0.22098942976272262,2.393820363320492,1.2992449290216124,1.3881298953794823,-0.449575588382643,0.3167417705186025,2.394843229720513,1.3082595448360939,1.2969164207384893,-0.7527638824858636,0.30781672138181687,-0.0697931674160778,0.06216636277480506,-0.05331076801857803,0.29161402772351624,-1.2162503053580085,4.065672030438329,10.523437488736379,1.0,-0.6865302920341492,-5.021032119856272e-06,-6.53230920466541e-07,0.0,0.0,0.0,1,0.019910609232809292,-2.4565564401728293,6.128698566424059,9.0,0.019910609232809292,-2.988479107489562,5.704726916889318,6.736917882427364,-0.004791558758953817,0.0027950074452766957,0.002340555364704916,-0.010491674888138649,0.05152663950097868,0.17000442794299256,0.0,0.0,0.0,0.0,0.0,0.03733472573187566,-16.37704293448553,20.42899522141353,30.0,39.819000174744026,0.5319226673167328,0.42397164953474054,2.263082117572636,0.03733472573187566,-16.37704293448553,20.42899522141353,30.672272286509944,40.32791913964903,4.459999999999949
0.0,0.0,0.0,0.0,0.0,0.0,0.0,0.0,0.0,0.0,0.0,0.0,0,0.0,-1.5707963267948966,nan,-0.2299354527295245,-0.21160188561949328,-0.09811975711394,0.004186552170431179,-1.5707919433593016,-0.23767752047142157,-0.21909403116911266,0.7447420477673116,-0.10481636405508069,1.2368936289087646,0.839911137591795,0.7898325282007984,0.44790591375900024,0.012685282905041504,-0.007742067741897063,-0.007492145549619383,-0.006696606941140687,0.004556657494620174,0.002579000600561541,0.002493572248205808,0.002809622905046022,-10.289859096267628,11.181197520092919,-0.28217964935895096,-0.08973872757846935,-1.5707917025593336,0.7439056430020022,-0.2350417779698795,-0.8611678383885778,-0.7993010182682696,0,zero,0,0.08973872757846912,0.09392527974890053,2.3968572251328615,1.2985563627736882,1.3887432170089156,-0.45010154238168804,0.1296253932704575,2.3976930860700567,1.2872595236964939,1.3667266104755915,-0.5773402722583856,0.29955511332227,-0.0679199625042798,0.06049785652398323,-0.05187994038599921,0.2822700644493606,-2.514922328989903,8.449714550483236,21.130197179356664,1.0,-0.22749009728431702,-4.624235562911139e-06,-2.407999679654438e-07,0.0,0.0,0.0,1,0.0013860032612186142,0.2968644665940444,-8.511146239501919,-9.0,0.0013860032612186142,-2.4710889866351136,3.0493194594982422,3.9923381202100385,-0.0011262164899516543,-0.0027942479430073494,-0.0023439722595384287,-0.02122238756510648,0.13302820430736206,0.42361464036105656,0.0,0.0,0.0,0.0,0.0,0.002598918547194101,1.9790964439602963,-28.370487465006395,-30.0,41.33765097935487,2.767953453229158,-11.560465699000162,-12.99233812021004,0.002598918547194101,1.9790964439602963,-28.370487465006395,-40.933276381576334,49.8430988585328,4.469999999999949
0.0,0.0,0.0,0.0,0.0,0.0,0.0,0.0,0.0,0.0,0.0,0.0,0,0.0,-1.5707963267948966,nan,-0.24090258164012227,-0.22044337524504526,-0.09915086841815848,0.0037481212373502437,-1.570791928197292,-0.23824613064833564,-0.21831980097048953,0.7417878078757956,-0.10466091642023526,1.421264161609929,1.0398518733683693,0.9615719824175112,0.11865589390639142,0.0064751006599518815,0.0026564509917866297,0.0021235742745557284,-0.005510048002076773,0.012107881738201428,0.008636394148550495,0.008058598604513797,0.002659414376979006,-10.732186543880967,11.728040865260972,-0.28342634743969186,0.07196841827008171,-1.5707921200263717,0.7410863161293048,0.8257985112843547,-0.8614019117105325,-0.7981358008484953,0,zero,0,-0.07196841827008171,-0.06822029703273147,2.3998114629233576,1.2978865303754565,1.389339851972028,-0.45061318672905765,0.12556668591087525,2.400513337476247,1.261233877440752,1.4569971040210516,-0.3513882943845689,0.29129270838709787,-0.06604657691199872,0.05882918933694266,-0.05044897474255664,0.28351233395676306,-2.5099774977760254,8.897685244905963,22.285088716813682,1.0,-0.13487295806407928,-4.206768524639415e-06,1.91829079732031e-07,0.0,0.0,0.0,1,-0.02652106484055365,1.8042100942055874,-9.0,-9.0,-0.02652106484055365,-1.4201005033620366,-0.6390478690750223,-0.18917505378859106,0.003956862089875572,-0.002795007445242835,-0.00234055522734923,-0.022841965562055,0.15300972658982598,0.48887776854571696,0.0,0.0,0.0,0.0,0.0,-0.04973010470758232,12.028067294703916,-30.0,-30.0,44.098490630964235,3.224310597567624,-8.360952130924979,-8.810824946211408,-0.04973010470758232,12.028067294703916,-68.00313383514415,-101.15300715930611,122.47870812798607,4.479999999999949
0.0,0.0,0.0,0.0,0.0,0.0,0.0,0.0,0.0,0.0,0.0,0.0,0,0.0,-1.5707963267948966,nan,-0.24930764909226533,-0.2268264646260592,-0.09615713281575769,0.003321950010096719,-1.5707919135038113,-0.2387963745123514,-0.21756576887911763,0.7389161761694195,-0.10450980792595385,1.098714182069238,0.7854823588127308,0.7137121472385849,-0.2842627108119389,0.01630995280521244,0.010511274579913937,0.009260695746941577,-0.008352675110196162,0.014923929945406929,0.010974721184786405,0.010112581963861125,-0.00012192602595361736,-7.217517061444383,7.9327340791807295,-0.2891474486981469,0.20366323152982124,-1.5707924013484218,0.7382229901765732,1.0,-0.8614019117209668,-0.7981358476871729,0,zero,0,-0.20366323152982124,-0.20034128151972475,2.402683092574536,1.2972354282257683,1.3899198034764448,-0.4511105241754511,0.3236999492853792,2.403377308004393,1.2404815891556837,1.5317279342109023,-0.16571495476222423,0.2830342878300583,-0.06417409472213453,0.057161326830997075,-0.04901869915343396,0.28920056469477473,-1.7247048535033627,6.205083473731898,15.205153153746195,1.0,-0.4741203486919403,-3.92544647453974e-06,4.878446104861212e-07,0.0,0.0,0.0,1,-0.08361407211816649,2.0729288839643094,-9.0,-9.0,-0.08361407211816649,-0.3334253945161867,-3.5314808696360394,-3.461785647447166,0.004791558758953817,-0.0027950074452766918,-0.0023405553647049427,-0.01807245267306927,0.11748062179082715,0.3689855406644991,0.0,0.0,0.0,0.0,0.0,-0.15678618435808456,13.819525893095395,-30.0,-30.0,44.6206664878231,2.406354278480496,-5.46851913036396,-5.538214352552834,-0.15678618435808456,13.819525893095395,-76.39417406176513,-115.80877330079907,139.42290228593248,4.489999999999949
0.0,0.0,0.0,0.0,0.0,0.0,0.0,0.0,0.0,0.0,0.0,0.0,0,0.0,-1.5707963267948966,nan,-0.2527236089123064,-0.2285926589055387,-0.09343243483682473,0.0029080289832541517,-1.5707918992748455,-0.23932847044056485,-0.21683204915392595,0.7361270886244552,-0.10436303590619736,0.4605642542396663,0.28838638918275983,0.2499914004671172,-0.2577925959176469,0.020909799524257262,0.013395138471741536,0.01176060975161275,-0.01093060106937263,0.01259910502286607,0.009222733557947681,0.008393475176246706,-0.0017967213367812741,-1.4034032160230656,1.551526372978878,-0.2925999053300718,0.26095663306962136,-1.5707925141249082,0.7353105886667805,1.0,-0.8614019117209679,-0.798135847687164,0,zero,0,-0.26095663306962136,-0.2580486040863672,2.4054721781112325,1.2966030418078813,1.390483084452559,-0.45159356580932764,0.4146809036444507,2.406289964512184,1.2294617183110483,1.568185840883416,-0.08298353324272778,0.27478469885324097,-0.062303614970455744,0.05549524794232059,-0.047589953105404266,0.2926103823957659,-0.6652463549382541,1.7834125867367299,3.2102388888233357,1.0,-0.7170793414115906,-3.812669988612072e-06,6.148500624192366e-07,0.0,0.0,0.0,1,-0.1402527763629185,1.7163036350864036,-9.0,-9.0,-0.1402527763629185,0.4467090376948303,-5.475781810588687,-5.56181089743152,0.004791558758953817,-0.0027950074452766953,-0.0023405553647049162,-0.010909964209833116,0.049801872207152514,0.13157644870700044,0.0,0.0,0.0,0.0,0.0,-0.26299039258000845,11.442024233909358,-30.0,-30.0,43.943020862430004,1.2695945973915732,-3.5242181894113127,-3.4381891025684803,-0.26299039258000845,11.442024233909358,-58.83536980313271,-87.6001552036277,106.14319108679086,4.4999999999999485
0.0,0.0,0.0,0.0,0.0,0.0,0.0,0.0,0.0,0.0,0.0,0.0,0,0.0,-1.5707963267948966,nan,-0.2503802448826319,-0.22514592168993572,-0.09423181495814284,0.002506341408990309,-1.5707918855062295,-0.23984264047301396,-0.21611873820133282,0.7334204324153378,-0.10422059509734588,0.40649903709620433,-0.28575340621236067,-0.2733426263009847,0.09418209301695901,0.01709698444462769,0.010537604409617929,0.009027183488602902,-0.00998878013920304,0.005696940941386297,0.00423596916053362,0.0037666993248699617,-0.0005689266707368003,5.332347598901161,-5.929905162269018,-0.2913941030315387,0.22200833933528963,-1.5707924468109271,0.7323876170459793,1.0,-0.8614019117209679,-0.7981358476871638,0,zero,0,-0.2220083393352894,-0.2195019979262991,2.4081788323600417,1.2959893455399314,1.391029717686719,-0.4520623311711216,0.3634659083028035,2.409212775061764,1.2299928568083436,1.5550765621803742,-0.1345099831280825,0.26654885460706124,-0.060436251645597974,0.053831944925946354,-0.046163587506829064,0.29135653073448753,0.5569308389756206,-3.438168961287734,-10.856056711709826,1.0,-0.545853316783905,-3.879983969667933e-06,5.613046978325542e-07,0.0,0.0,0.0,1,-0.15817464711534604,0.6827551998681725,-7.703560395473147,-9.0,-0.15817464711534604,0.7621061643043006,-6.441279436986375,-6.7304928659564425,0.004791558758953817,-0.0027950074452766953,-0.002340555364704916,0.0067681462199308704,-0.04334390157538295,-0.17642944441550168,0.0,0.0,0.0,0.0,0.0,-0.2965960005913108,4.551701332454483,-25.67853465157716,-30.0,39.751642683789605,-0.0793509644361281,-1.2622809584867722,-2.2695071340435575,-0.2965960005913108,4.551701332454483,-25.67853465157716,-30.853849082026045,40.399914594416195,4.509999999999948
0.0,0.0,0.0,0.0,0.0,0.0,0.0,0.0,0.0,0.0,0.0,0.0,0,0.0,-1.5707963267948966,nan,-0.24239193385522528,-0.21670576187917173,-0.09660444104898214,0.0021168631991821396,-1.5707918721936451,-0.24033911020962428,-0.2154259143960184,0.7307960452551737,-0.10408247760372302,1.176080580324686,-0.848478076401693,-0.7747336005449579,0.2510743584462155,0.007859588107153797,0.0020528236456009985,0.0012798474831533235,-0.007478036554740886,0.004084416822294843,-0.0028275366597826637,-0.0026490692443004327,0.001292257464568007,10.338688328435001,-11.563944434096301,-0.28296347002625416,0.09211855325022467,-1.5707921755548,0.7295130652606373,0.5589095293753601,0.809365842265317,0.7993010182682676,0,zero,0,-0.09211855325022444,-0.09000169005104253,2.4108032176088097,1.2953943026254031,1.3915597359544185,-0.45251684836745976,0.17952506232763474,2.412086720209663,1.243414982538531,1.4925545978044623,-0.3134996235785445,0.25833173419026095,-0.058573133689064215,0.052172423355766835,-0.04474046468765841,0.2828820723189592,1.8470940856217735,-7.806015153679192,-21.470637133367738,0.9988160000000121,-0.1846430003643036,-4.151240096561537e-06,3.033611548630688e-07,0.0,0.0,0.0,1,-0.1319475768441608,-1.3716134173426162,5.046896267242863,9.0,-0.1319475768441608,0.46978765819193036,-4.396850419214182,-3.98481194407482,0.002678047850941262,0.0026261650041670545,0.0023439722595384226,0.015901898949025627,-0.12111899324455837,-0.4311408164971361,0.0,0.0,0.0,0.0,0.0,-0.24741717015593628,-9.144089448950774,16.82298755747621,30.0,35.590567535029564,-1.8414010755345465,9.443746686457045,12.98481194407482,-0.24741717015593628,-9.144089448950774,16.82298755747621,41.49987284984532,45.704791258891326,4.519999999999948
0.0,0.0,0.0,0.0,0.0,0.0,0.0,0.0,0.0,0.0,0.0,0.0,0,0.0,-1.5707963267948966,nan,-0.23220817931753468,-0.2064606312968592,-0.09583930639935745,0.001739562827548946,-1.570791859332622,-0.2408181087236178,-0.21475363790912066,0.728253714736265,-0.10394867286315268,1.4343375321986287,-1.0662753051684126,-0.9572854095414779,-0.06313299090543456,0.014445299148611425,-0.008609929406083128,-0.008293006612261455,-0.008109366463795231,0.012122133432722807,-0.00897763710657101,-0.008133553454751075,0.0004398399051497876,10.684859655672813,-12.017147356101333,-0.2658105940316225,-0.07198414609632153,-1.5707917403186884,0.7267764912453053,-0.647594641347913,0.8614018985904487,0.7981358008484952,0,zero,0,0.07198414609632131,0.07372370892387048,2.413345546266108,1.2948178649036026,1.3920731821534842,-0.4529571541853756,0.09394539889264064,2.4148223823090413,1.2672072847620153,1.4044853121043193,-0.5418793214032759,0.25013838264991106,-0.0567154049952253,0.05051770212453425,-0.043321458399431294,0.26571583294022116,2.6082518121968947,-8.980168150852949,-22.45228024490295,0.9953280000000237,-0.24421130120754242,-4.586476208157109e-06,-1.1901393381918979e-07,0.0,0.0,0.0,1,-0.07820607331461969,-4.1941286928021695,9.0,9.0,-0.07820607331461969,-0.5155869246025052,-0.6888621702195408,0.19351011643298943,-0.003102987776002148,0.0027950074026718455,0.0023405552273492295,0.022426098332945038,-0.1519932119133938,-0.4932128311905836,0.0,0.0,0.0,0.0,0.0,-0.14664555281196268,-27.960857952014464,30.0,30.0,50.8117218988974,-3.6785417681996644,9.68886217021954,8.80648988356701,-0.14664555281196268,-27.960857952014464,55.10159557452401,101.4952024756847,118.82463146490095,4.529999999999948
0.0,0.0,0.0,0.0,0.0,0.0,0.0,0.0,0.0,0.0,0.0,0.0,0,0.0,-1.5707963267948966,nan,-0.22433997399598463,-0.1984486984934259,-0.09211411971467487,0.0013744012317802312,-1.5707918469185405,-0.2412798684917378,-0.21410195054364228,0.725793177670621,-0.10381916761254778,1.1682913004787336,-0.8329965089670044,-0.7360245437954938,-0.359568143407768,0.025864888779315316,-0.01693989449575317,-0.015653252050216393,-0.011705047897872911,0.015600997631732259,-0.011518015923013792,-0.010310950086021713,-0.002100177284441753,7.18251379713131,-8.119452462391095,-0.24478718241328348,-0.20498968494815673,-1.5707912876079266,0.7242408087833693,-1.0,0.8614019117209788,0.7981358476871728,0,zero,0,0.20498968494815673,0.20636408617993673,2.4158060815207203,1.294259972700127,1.3925701094372647,-0.45338329420652623,0.2831458185448072,2.4173571808768197,1.2919936911736096,1.326004204871878,-0.7285795750092122,0.24197391098140725,-0.05486422441131902,0.04886881344385971,-0.04190745381527497,0.24471733465831116,2.2271046245940456,-6.681533978411608,-15.294818734760428,0.9896320000000352,-0.674163818359375,-5.039186969924003e-06,-5.593106138235271e-07,0.0,0.0,0.0,1,-0.0279475611531911,-4.5,9.0,9.0,-0.0279475611531911,-1.7029015318713028,2.558175923020532,3.4636182755132654,-0.004791558758953817,0.002795007445276731,0.0023405553647049423,0.021485092218224824,-0.1248840610564135,-0.3708181687308536,0.0,0.0,0.0,0.0,0.0,-0.0524049524717628,-30.0,30.0,30.0,51.96155065314202,-2.7970984681286972,6.441824076979469,5.536381724486734,-0.0524049524717628,-38.49039352979386,69.31609881096163,115.25530435094129,139.89288715212274,4.539999999999948
0.0,0.0,0.0,0.0,0.0,0.0,0.0,0.0,0.0,0.0,0.0,0.0,0,0.0,-1.5707963267948966,nan,-0.22150145563250082,-0.1950215663678297,-0.08980475744477828,0.0010213317156611001,-1.5707918349466292,-0.2417246253415999,-0.21347087557687613,0.723414119430478,-0.10369394585352809,0.4834077112879987,-0.32832752133459264,-0.2796057158830051,-0.21841405108768974,0.030696305283010514,-0.020223169709099098,-0.018449309209046444,-0.013889188408749809,0.01346241690585195,-0.009850093909991767,-0.008722566906584402,-0.0028511656338189324,1.5041618114231243,-1.7083602531947366,-0.2244886867923379,-0.2637629573638749,-1.5707910385643737,0.7219153175439078,-1.0,0.8614019117209679,0.7981358476871638,0,zero,0,0.2637629573638751,0.264784289079536,2.4181851380011263,1.2937205546773376,1.3930505813478182,-0.4537953229214079,0.3746474913157904,2.4196822238186577,1.306124952206307,1.2864779639265056,-0.812747840145043,0.23384349612848285,-0.05302076573745297,0.047226802844215855,-0.04049934752990714,0.2244727412055862,0.752135762524985,-1.880127488968988,-3.404173429231337,0.9818240000000464,-0.9553346037864685,-5.28823052281524e-06,-7.963822552525812e-07,0.0,0.0,0.0,1,-0.0016724686923093694,-4.5,9.0,9.0,-0.0016724686923093694,-2.6695579511987533,4.824359252511392,5.565311048812898,-0.004791558758953817,0.0027950074452766953,0.002340555364704916,0.012481345033141064,-0.05349649846880412,-0.13507660008851702,0.0,0.0,0.0,0.0,0.0,-0.00313607480275524,-30.0,30.0,30.0,51.961524321703315,-1.8304420488012467,4.175640747488608,3.434688951187102,-0.00313607480275524,-33.00669279179593,55.95790654751344,86.96269439481404,108.55063012471658,4.549999999999947
0.0,0.0,0.0,0.0,0.0,0.0,0.0,0.0,0.0,0.0,0.0,0.0,0,0.0,-1.5707963267948966,nan,-0.22467980043650848,-0.19696835540890797,-0.09192938527230438,0.0006802998512056568,-1.5707918234119684,-0.24215261841644095,-0.21286041760965055,0.7211161732888078,-0.1035729888180621,0.43756826064636084,0.2750351729166628,0.255724700830387,0.22455848629920894,0.026333068804886832,-0.01747281797993247,-0.015892062200742574,-0.01164360354575772,0.006270594283485628,-0.004724799112022397,-0.004102951521169795,-0.00040300723820480694,-5.0522987647844,5.763002904685213,-0.20733890155957085,-0.2274177496875447,-1.570791155221822,0.719776296478462,-1.0,0.8614019117209679,0.7981358476871638,0,zero,0,0.2274177496875449,0.22809804953875013,2.420483082434987,1.2931995276848294,1.3935146719491036,-0.45419330384357215,0.32300570206764834,2.421821504255712,1.3019531797334265,1.3029391755334079,-0.7641132051408374,0.2257523809831886,-0.051186217726600036,0.04559272917493275,-0.039098047559632476,0.20738818245893778,-1.2016565772587078,4.040764050436229,10.503173478132355,0.9720000000000568,-0.73704594373703,-5.171573074669311e-06,-6.681901463245765e-07,0.0,0.0,0.0,1,0.006783474544314483,-2.449665013189349,6.094437211390505,9.0,0.006783474544314483,-2.9878614718204477,5.697849121452836,6.737298562402988,-0.004791558758953817,0.0027950074452766953,0.002340555364704916,-0.010386222703122285,0.05118183662978741,0.16962374796888,0.0,0.0,0.0,0.0,0.0,0.012719809758699574,-16.331100087928995,20.31479070463502,30.0,39.74161186022329,0.5381964586310986,0.39658808993766925,2.262701437597012,0.012719809758699574,-16.331100087928995,20.31479070463502,31.042908181256802,40.53465013539133,4.559999999999947
0.0,0.0,0.0,0.0,0.0,0.0,0.0,0.0,0.0,0.0,0.0,0.0,0,0.0,-1.5707963267948966,nan,-0.23365759966522945,-0.2040103989359579,-0.09651584106922564,0.00035124338077929806,-1.5707918123094857,-0.2425640901574969,-0.21227056242220468,0.7188989197598448,-0.10345627493414203,1.2399501992460553,0.8566327487665032,0.7631898714495794,0.4703169680841335,0.013990192848622672,-0.008906490492267438,-0.00826016348624678,-0.006940433864916384,0.004498931178871421,0.0025564942213064552,0.0023484749362353303,0.0028617100696126715,-9.993038874114463,11.445046120365754,-0.19798033178332058,-0.10085149207757604,-1.5707915657130547,0.7177682385534695,-0.23149654605993622,-0.8611402275925724,-0.7993010182682677,0,zero,0,0.10085149207757604,0.10120273545835534,2.4227003343086233,1.2926967966099039,1.3939624659601657,-0.4545773096238416,0.13656761387489508,2.4238304239432127,1.281084536540997,1.372424539915582,-0.5889302374471322,0.2177058743859038,-0.04936178408460087,0.04396766460420012,-0.03770447334234453,0.19807267254837635,-2.5026984882272987,8.414445612999105,21.10549167082465,0.9602560000000671,-0.2551151514053345,-4.76108184166435e-06,-2.465964312747815e-07,0.0,0.0,0.0,1,0.012306128720526126,0.30828939123958615,-8.5047042986694,-9.0,0.012306128720526126,-2.4679296315084644,3.042228543479797,3.9928642484005414,-0.0011092293029410431,-0.0027941583537234678,-0.002343972259538423,-0.021133986528188153,0.13246576835032411,0.4230885121713751,0.0,0.0,0.0,0.0,0.0,0.023075433565584336,2.0552626082639076,-28.349014328898004,-30.0,41.326640926702794,2.7762190227480508,-11.546932842149197,-12.992864248400542,0.023075433565584336,2.0552626082639076,-28.349014328898004,-40.49705765017624,49.476286528056285,4.569999999999947
0.0,0.0,0.0,0.0,0.0,0.0,0.0,0.0,0.0,0.0,0.0,0.0,0,0.0,-1.5707963267948966,nan,-0.2446848869720595,-0.21278530129980747,-0.09789215847202326,3.409211923255384e-05,-1.5707918016339586,-0.24295928630419802,-0.21170127683649864,0.716761885939594,-0.10334377979147613,1.4232771117018683,1.063209116012892,0.9344187949555605,0.14888125454635137,0.005820049975102365,0.0017256006678614821,0.0010840244633088247,-0.005451621319452871,0.012081586278166198,0.0087768562451933,0.007781336534891124,0.002895224201811276,-10.434009148340404,11.998016995724807,-0.1999374769610044,0.060870270174913976,-1.5707919945042015,0.7157863600993345,0.8289232931957691,-0.8614019117100578,-0.7981358008484953,0,zero,0,-0.060870270174913976,-0.06083617805568142,2.424837366526501,1.29221225422804,1.3943940588883263,-0.45494742216452505,0.12005186537149658,2.4258132524549847,1.2551767995318233,1.4623580725503535,-0.36318269055034347,0.2097093511253417,-0.04754868347016511,0.042352694619068446,-0.036319555737526675,0.2000254881627512,-2.4979504676844164,8.866162346732652,22.268555380871234,0.9466880000000766,-0.12486164271831512,-4.332290695074903e-06,1.928702428877216e-07,0.0,0.0,0.0,1,0.0025905468789691674,1.819496984006647,-9.0,-9.0,0.0025905468789691674,-1.4136785128131009,-0.643734537212973,-0.1887820040649007,0.00397183466601303,-0.0027950074452412947,-0.00234055522734923,-0.022759922746972434,0.1524757199751075,0.4884847188224736,0.0,0.0,0.0,0.0,0.0,0.004857578996754486,12.129979893377648,-30.0,-30.0,44.1263689397827,3.233175496819748,-8.356265462787027,-8.811217995935099,0.004857578996754486,12.129979893377648,-67.91465008321383,-100.68145014462013,122.05036065067085,4.579999999999947
0.0,0.0,0.0,0.0,0.0,0.0,0.0,0.0,0.0,0.0,0.0,0.0,0,0.0,-1.5707963267948966,nan,-0.2531052273500144,-0.219205099638628,-0.09519437787397061,-0.0002712321439752863,-1.5707917913800116,-0.24333845591232856,-0.21115250858477252,0.7147045448463538,-0.10323547610720976,1.0951106718656003,0.8041170769824357,0.6968566590546649,-0.2589476913786276,0.014996443171406706,0.00976677143768584,0.008052591053855473,-0.008041098233239147,0.01488820858846475,0.011192209108822734,0.009815895762764907,0.00020347140475964268,-7.022611881196859,8.108531377623546,-0.20677765450770558,0.19259462225712531,-1.5707922826532466,0.7137518286333506,1.0,-0.8614019117209666,-0.7981358476871728,0,zero,0,-0.19259462225712554,-0.19286585440110038,2.426894706070714,1.2917457810533652,1.394809557162372,-0.4553037327336346,0.3170877764444455,2.427848447454554,1.2345656926439905,1.5368105151900628,-0.1776170140080724,0.2017682519385391,-0.045748149494869085,0.04074891802544691,-0.034944237026250324,0.20683211949623376,-1.7086836706706439,6.179286959130609,15.197454368516185,0.9313920000000857,-0.4385181963443756,-4.0441416500058835e-06,4.912732349815485e-07,0.0,0.0,0.0,1,-0.05213029176787266,2.0870979427092204,-9.0,-9.0,-0.05213029176787266,-0.3242703967735362,-3.5344405950034457,-3.461597688735865,0.004791558758953817,-0.002795007445276691,-0.0023405553647049423,-0.01796798826994299,0.11704790316807018,0.3687975819534417,0.0,0.0,0.0,0.0,0.0,-0.09775040646516531,13.913986284728136,-30.0,-30.0,44.64984400279095,2.4113683394827565,-5.465559404996554,-5.538402311264135,-0.09775040646516531,13.913986284728136,-76.33133642472322,-115.3669222356045,139.03096142936602,4.589999999999947
0.0,0.0,0.0,0.0,0.0,0.0,0.0,0.0,0.0,0.0,0.0,0.0,0,0.0,-1.5707963267948966,nan,-0.25640541095112634,-0.22112521026617918,-0.0926302472302876,-0.0005648157426496603,-1.5707917815421157,-0.24370185139025574,-0.21062418618416845,0.7127263147612231,-0.10313133369166441,0.4546547135620231,0.29367881231847637,0.24484330281552558,-0.24599882281376717,0.019542895106837873,0.012703559560870603,0.01050102408201073,-0.010501086461376818,0.012541139930045537,0.009402689826660354,0.00816177380882804,-0.0015016867390135295,-1.3631046830339921,1.5805601304158168,-0.21137473725280392,0.24987090651652033,-1.5707924001510325,0.711657506580264,1.0,-0.8614019117209679,-0.7981358476871638,0,zero,0,-0.2498709065165201,-0.2504357222591702,2.4288729346604736,1.2912972451891258,1.395209078265743,-0.4556463420791015,0.40778143101816894,2.429943031704895,1.2237430202282231,1.5730248618781117,-0.09494906711879328,0.1938880835108603,-0.04396143072315662,0.03915744694810412,-0.03357947091117558,0.2113854520274653,-0.6428588013607921,1.759510865408045,3.203807974300861,0.9144640000000945,-0.6712482571601868,-3.926643864282653e-06,6.186089169801789e-07,0.0,0.0,0.0,1,-0.12076160131628909,1.7249734463774304,-9.0,-9.0,-0.12076160131628909,0.45676686057104005,-5.477551675032617,-5.56168130295117,0.004791558758953817,-0.0027950074452766953,-0.002340555364704916,-0.01076299826402902,0.04941144258609686,0.13144685422678298,0.0,0.0,0.0,0.0,0.0,-0.22644215510273596,11.499822975849536,-30.0,-30.0,43.95790264020207,1.2682065858063905,-3.5224483249673826,-3.43831869704883,-0.22644215510273596,11.499822975849536,-58.79274392654585,-87.19072145758909,105.78802319370925,4.599999999999946
0.0,0.0,0.0,0.0,0.0,0.0,0.0,0.0,0.0,0.0,0.0,0.0,0,0.0,-1.5707963267948966,nan,-0.25378317234817976,-0.2179296350559283,-0.09341525768653222,-0.0008467532317288917,-1.570791772114585,-0.2440497285532772,-0.21011621881723888,0.7108265585686304,-0.10303131941410015,0.4102205792276589,-0.29701157659680344,-0.268760784332131,0.08850247338088868,0.015756206541421687,0.009733443794902569,0.007813416238689419,-0.009616061727567932,0.005636056841150241,0.004280806180830233,0.0036429962996041426,-0.0004103816758977332,5.2049843967220095,-6.061208816160937,-0.2110890035293335,0.21081555985235823,-1.5707923370886836,0.7095427688831585,1.0,-0.8614019117209679,-0.7981358476871638,0,zero,0,-0.21081555985235845,-0.21166231308408712,2.4307726894115795,1.2908665021781605,1.3955927508697206,-0.4559753605429906,0.3564690919240608,2.4320576015933373,1.224538637495452,1.559682923963875,-0.14655074620467964,0.18607441847599648,-0.042189790672338974,0.03757940683066803,-0.03222622251655115,0.21105044475591966,0.5859910053157303,-3.4605588237620966,-10.863944119411112,0.8960000000001032,-0.5070504546165466,-3.989706212959021e-06,5.649740986157781e-07,0.0,0.0,0.0,1,-0.1589487362295741,0.6831286149151161,-7.688596575657471,-9.0,-0.1589487362295741,0.770588512886851,-6.439353098424746,-6.7303264033564805,0.004791558758953817,-0.0027950074452766953,-0.002340555364704916,0.006962477655369535,-0.04371826496812521,-0.1765959070153904,0.0,0.0,0.0,0.0,0.0,-0.2980475083997264,4.554190766100774,-25.62865525219157,-30.0,39.71973635218375,-0.08745989797173492,-1.2492434772327243,-2.2696735966435195,-0.2980475083997264,4.554190766100774,-25.62865525219157,-30.440322180991025,40.05334780476561,4.609999999999946
0.0,0.0,0.0,0.0,0.0,0.0,0.0,0.0,0.0,0.0,0.0,0.0,0,0.0,-1.5707963267948966,nan,-0.24538200698803028,-0.2098329513654848,-0.09559877697950078,-0.0011171474851623397,-1.5707917630915782,-0.24438234669610806,-0.20962849621815136,0.7090045830968389,-0.10293539716849798,1.1805554493307906,-0.8733783502980347,-0.7608961091355976,0.22794415385707367,0.0074072341939565,0.000999660291922222,0.00020445514733344328,-0.007336620188997195,0.00415870718657852,-0.0029634066648749078,-0.002639305266181279,0.0012438384598421805,10.094993420031942,-11.805050493716815,-0.20317631533044328,0.08073664188010077,-1.5707920678723735,0.7074693438015395,0.5524620009299498,0.8099753171190629,0.7993010182682678,0,zero,0,-0.08073664188010099,-0.08185378936526311,2.432594663495916,1.29045339485337,1.3959607149666178,-0.4562909081757178,0.17323613892961615,2.4341304012109672,1.2382775177886305,1.49697876592858,-0.3255949534820724,0.17833289541597,-0.04043450781259576,0.03601593643562681,-0.030885468388215084,0.20309312439493263,1.8797148193537572,-7.820329545771761,-21.473423375731073,0.876096000000111,-0.1744912564754486,-4.258922523092679e-06,3.0478079526830015e-07,0.0,0.0,0.0,1,-0.15504581386478306,-1.3829373948903483,5.058750457344716,9.0,-0.15504581386478306,0.4739150974790342,-4.391392470375695,-3.984720100911989,0.0026471541395450527,0.0026281425790142306,0.0023439722595384235,0.016128453476897675,-0.12138864043719198,-0.43123265965992846,0.0,0.0,0.0,0.0,0.0,-0.29072907156344097,-9.219582632602322,16.862501524482386,30.0,35.62904973438957,-1.8568524923693825,9.45014292772041,12.98472010091199,-0.29072907156344097,-9.219582632602322,16.862501524482386,41.92681251584956,46.12251936651774,4.619999999999946
0.0,0.0,0.0,0.0,0.0,0.0,0.0,0.0,0.0,0.0,0.0,0.0,0,0.0,-1.5707963267948966,nan,-0.23477513060523028,-0.199976227722938,-0.0945699167494484,-0.001376109793778113,-1.570791754467094,-0.2446999686834619,-0.209160888564425,0.7072596384584736,-0.1028435278393576,1.443530795097248,-1.0924498370153828,-0.9389115988820446,-0.09369909009120103,0.015852856087132355,-0.009924838078231607,-0.009184660841487002,-0.008273611089909205,0.012228544742579273,-0.009242245662747292,-0.008004779978934166,0.0002042036227562008,10.44184367337343,-12.258663977233782,-0.18600908839227318,-0.0835896679138095,-1.5707916302597549,0.7055310221419718,-0.6558254274285308,0.8614018988530959,0.7981358008484953,0,zero,0,0.0835896679138095,0.0822135581200314,2.434339606800922,1.2900577531881896,1.3963131220029656,-0.4565931148502649,0.10200578360417911,2.4360677875921555,1.2623819539758174,1.4088407869270936,-0.5539548169171488,0.17066921886113015,-0.03869687556697402,0.03446818784432794,-0.029558196493594036,0.1859125953962856,2.637646359347628,-8.982297253494762,-22.44766226758578,0.8548480000001182,-0.2757311761379242,-4.696535141679448e-06,-1.2420733908058423e-07,0.0,0.0,0.0,1,-0.11701490802326721,-4.213154384792586,9.0,9.0,-0.11701490802326721,-0.5175956846808567,-0.6834822454840298,0.1934355842240738,-0.0031424260711398074,0.002795007403524062,0.00234055522734923,0.02263958233424318,-0.15206375527424607,-0.4931382989816469,0.0,0.0,0.0,0.0,0.0,-0.21941666608525634,-28.087695898617238,30.0,30.0,50.881890733015766,-3.6955587001117287,9.68348224548403,8.806564415775926,-0.21941666608525634,-28.087695898617238,55.06045058243922,101.89902477066143,119.18066651986663,4.629999999999946
0.0,0.0,0.0,0.0,0.0,0.0,0.0,0.0,0.0,0.0,0.0,0.0,0,0.0,-1.5707963267948966,nan,-0.22657165469044585,-0.19231078980451585,-0.09063490423991102,-0.0016237599631636623,-1.5707917462349672,-0.24500286105864583,-0.20871324637400734,0.7055909173910261,-0.10275566926751567,1.1800655493492926,-0.8506368289968369,-0.7217795728004489,-0.3847153937695441,0.02748932328296995,-0.018431206368199976,-0.01640245656949149,-0.012120765027604646,0.015748497452681923,-0.01181150432052353,-0.010130454085655043,-0.002424342740170631,7.028493994953396,-8.280489553563303,-0.164750484512586,-0.21681317783587684,-1.5707911728073596,0.7037942299382448,-1.0,0.8614019117209786,0.7981358476871728,0,zero,0,0.21681317783587684,0.21518941787271295,2.4360083265890906,1.2896793941470586,1.3966501350127043,-0.45688212037639647,0.29137272024320154,2.4378036760300703,1.2874192462796572,1.330378392158799,-0.7406034390202924,0.1630891592901472,-0.03697820231138685,0.032937326456977084,-0.028245406221702248,0.1646795382151597,2.249138509584487,-6.67849109392393,-15.29057973050956,0.8323520000001253,-0.7350741624832153,-5.1539875371986454e-06,-5.73427607619692e-07,0.0,0.0,0.0,1,-0.06747628374456897,-4.5,9.0,9.0,-0.06747628374456897,-1.7073756549025982,2.5620408469281797,3.463512531483885,-0.004791558758953817,0.00279500744527673,0.0023405553647049423,0.02164992518730121,-0.12483638661916968,-0.37071242470146176,0.0,0.0,0.0,0.0,0.0,-0.1265259398923101,-30.0,30.0,30.0,51.961678271717375,-2.7926243450974018,6.43795915307182,5.536487468516115,-0.1265259398923101,-38.581403598448404,69.17371196492603,115.62730796904948,140.1542631803107,4.6399999999999455
0.0,0.0,0.0,0.0,0.0,0.0,0.0,0.0,0.0,0.0,0.0,0.0,0,0.0,-1.5707963267948966,nan,-0.2234995728612458,-0.18911753576418477,-0.08825093826797115,-0.0018602264115337164,-1.570791738388867,-0.245291294170031,-0.2082854004075356,0.7039975545973869,-0.1026717762159797,0.4922486964943461,-0.33605149405852297,-0.27654080738593323,-0.2300072920403906,0.03240751023618299,-0.021791721308785206,-0.019167864643350824,-0.014420837948008552,0.013619185115141786,-0.01009680933570775,-0.008582052210937517,-0.003144045846931445,1.4804881731022175,-1.7496085574627416,-0.14432139050565257,-0.27576715442709254,-1.570790922836631,0.7022688183550996,-1.0,0.861401911720968,0.7981358476871638,0,zero,0,0.27576715442709254,0.2739069280155588,2.4376016881574336,1.289318121535894,1.3969719287503688,-0.4571580746148743,0.3828295747887967,2.4393286302321155,1.3017273067425832,1.2908548346152569,-0.8247729212395277,0.15559855313003487,-0.03527981137461851,0.03142453099264257,-0.02694810838314542,0.14430519430254096,0.7670845469057798,-1.8829702264165205,-3.407823515647144,0.8087040000001319,-1.0302778482437134,-5.4039582657594565e-06,-8.155522359665213e-07,0.0,0.0,0.0,1,-0.028645864823061844,-4.5,9.0,9.0,-0.028645864823061844,-2.6735773667453797,4.8269933768018145,5.5653480938884865,-0.004791558758953817,0.0027950074452766957,0.002340555364704916,0.01259503665113486,-0.053512140504869576,-0.1351136451640995,0.0,0.0,0.0,0.0,0.0,-0.053714353690346606,-30.0,30.0,30.0,51.961551990214765,-1.8264226332546203,4.1730066231981855,3.4346519061115135,-0.053714353690346606,-33.02769987029526,55.78112156426794,87.34320016340354,108.77131966518614,4.649999999999945
0.0,0.0,0.0,0.0,0.0,0.0,0.0,0.0,0.0,0.0,0.0,0.0,0,0.0,-1.5707963267948966,nan,-0.22652981363381752,-0.19116146957175106,-0.0904748964976885,-0.002085646267604657,-1.5707917309222952,-0.24556554231521693,-0.20787716157558697,0.7024786260863429,-0.10259180033577608,0.4349339995797953,0.2755992627385795,0.24521726395149157,0.23039341099209687,0.028081892461520777,-0.01903572868139941,-0.016715692003835908,-0.012116903838087584,0.006388997812244264,-0.004885231517092603,-0.0040793663795402335,-0.0005590849763174588,-4.9373573678715275,5.850751733967061,-0.12731054602324296,-0.23953611516139417,-1.5707910473021451,0.7009293268045886,-1.0,0.861401911720968,0.7981358476871638,0,zero,0,0.2395361151613944,0.2374504688937895,2.4391206154969844,1.2889737258525593,1.3972786898242806,-0.4574211375916754,0.3314139112720942,2.4406683873242496,1.2976706539237701,1.3072134737567167,-0.7762399031683984,0.14820330275611207,-0.03360304103831573,0.029930993489247687,-0.0256673252101141,0.12736045238956356,-1.1922172376269566,4.024985992297174,10.48840606864007,0.7840000000001379,-0.8043761849403381,-5.279492751419923e-06,-6.836201498217065e-07,0.0,0.0,0.0,1,0.00016654308437692746,-2.443496479489431,6.056392811428913,9.0,0.00016654308437692746,-2.989759889960094,5.692334884998717,6.737560380464702,-0.004791558758953817,0.0027950074452766957,0.002340555364704916,-0.01031336239652085,0.050971883092154724,0.16936192990716936,0.0,0.0,0.0,0.0,0.0,0.00031228780119431365,-16.28997652992954,20.187976038096377,30.0,39.66002662578446,0.546263410470663,0.3640579264301964,2.2624396195352983,0.00031228780119431365,-16.28997652992954,20.187976038096377,31.469007632463878,40.78254716579143,4.659999999999945
0.0,0.0,0.0,0.0,0.0,0.0,0.0,0.0,0.0,0.0,0.0,0.0,0,0.0,-1.5707963267948966,nan,-0.23544851822468957,-0.198199318787757,-0.09533752050847685,-0.002300165468471782,-1.5707917238285785,-0.24582588390264287,-0.2074883208507619,0.7010331485131167,-0.10251569013181433,1.2430368820780344,0.8658363003446107,0.742668994083101,0.4938734214750107,0.015668484192220937,-0.010377365677953304,-0.009289002063004898,-0.007178169623337477,0.00444546655950728,0.002510976855527855,0.0022276064379847978,0.0029146076442893003,-9.78386011722282,11.622412602112604,-0.11854609540317425,-0.11301162894545902,-1.570791471589129,0.6997169094284188,-0.22602887415198722,-0.8611741697558343,-0.7993010182682678,0,zero,0,0.11301162894545902,0.11071146347698724,2.4405660919522605,1.2886459841373392,1.3975706168297328,-0.457671479612205,0.14560178774263163,2.4418816843417726,1.2768727401048448,1.3764774174305052,-0.6012493939116221,0.1409093764920512,-0.03194924453699871,0.02845791930358043,-0.02440409035639205,0.11863969675572103,-2.4968250725846146,8.389604354074663,21.085026423684948,0.7583360000001435,-0.2934928834438324,-4.855205767650972e-06,-2.522394497717073e-07,0.0,0.0,0.0,1,0.02876587944445696,0.3232100771633553,-8.514604947869122,-9.0,0.02876587944445696,-2.46590303202177,3.032257834933141,3.9932942039241794,-0.0010830306317194244,-0.0027942684865171555,-0.0023439722595384235,-0.02108968889765608,0.13207574262442665,0.42265855664773805,0.0,0.0,0.0,0.0,0.0,0.05393939517055496,2.1547338477557023,-28.382016492897073,-30.0,41.35437882033892,2.7891131091851253,-11.546862782802263,-12.99329420392418,0.05393939517055496,2.1547338477557023,-28.382016492897073,-40.00684179756595,49.09920608555261,4.669999999999945
0.0,0.0,0.0,0.0,0.0,0.0,0.0,0.0,0.0,0.0,0.0,0.0,0,0.0,-1.5707963267948966,nan,-0.24647808204394123,-0.2069809844594537,-0.09707168714309133,-0.002503938857481458,-1.5707917171008676,-0.2460726016303684,-0.20711864918440165,0.6996600785198589,-0.10244339092876403,1.425763177147964,1.0782846091526133,0.9151337338056953,0.1806465837664778,0.005388744520136077,0.0004054804135728285,-0.00013766472494794457,-0.005371703785672699,0.012061599496600524,0.008846890669531851,0.007572559971825122,0.0031418216643941104,-10.227563085993967,12.17902875175497,-0.1217619667873043,0.04872756888439489,-1.570791912556567,0.6985215798284113,0.8337214234481359,-0.8614019117117275,-0.7981358008484953,0,zero,0,-0.04872756888439511,-0.05123150774187657,2.4419391608807697,1.2883346598234064,1.3978479204821832,-0.45790928137551623,0.11323860875968693,2.443077983137465,1.2510237879413084,1.4661627426682111,-0.3756738297333798,0.13372280860982613,-0.030319790058049245,0.027006527111282985,-0.023159448897347206,0.12185130285428797,-2.4913166580923285,8.842139070946647,22.25465107798371,0.7318080000001486,-0.11710897088050842,-4.414238329530917e-06,1.9545569962531317e-07,0.0,0.0,0.0,1,0.036118059869701145,1.8404307704489193,-9.0,-9.0,0.036118059869701145,-1.4065601164264077,-0.6524707584843216,-0.18845034406340444,0.00399482518905036,-0.0027950074452467127,-0.00234055522734923,-0.022717820970406352,0.1520759996003996,0.48815305882097754,0.0,0.0,0.0,0.0,0.0,0.06772559510538373,12.269538469659462,-30.0,-30.0,44.16498795442704,3.246990886875327,-8.347529241515678,-8.811549655936595,0.06772559510538373,12.269538469659462,-67.89497884348161,-100.15289895857482,121.61775151258963,4.679999999999945
0.0,0.0,0.0,0.0,0.0,0.0,0.0,0.0,0.0,0.0,0.0,0.0,0,0.0,-1.5707963267948966,nan,-0.2548862596453698,-0.21349384518370051,-0.09467942982184555,-0.0026971302821039433,-1.5707917107321325,-0.24630598268166148,-0.20676789742778398,0.6983583120761881,-0.10237484483694514,1.0924106773615436,0.8174796550135505,0.6863612480864478,-0.23237112294269002,0.01334462207197652,0.008580276963708333,0.006725947755916534,-0.007695415015099599,0.014863067136606954,0.011327742699983556,0.009607111504652243,0.0005444433555783137,-6.8902882902001785,8.226051436952925,-0.1302495716714624,0.18049285045021324,-1.5707922086983692,0.6972595264221279,1.0,-0.8614019117209668,-0.7981358476871728,0,zero,0,-0.18049285045021346,-0.18318998073231718,2.4432409263124706,1.2880395025872975,1.3981108237504383,-0.4581347340885219,0.3087779083415782,2.4443407135797544,1.2305126724071043,1.5403860993731777,-0.19019631410426596,0.12664969932976036,-0.02871606074172171,0.02557804890686149,-0.021934457329940066,0.1303049178667103,-1.6958109444338794,6.15663221666235,15.191337532674222,0.704512000000153,-0.3964501619338989,-4.118096527339077e-06,4.979662366899618e-07,0.0,0.0,0.0,1,-0.016690749277591715,2.1059284193385777,-9.0,-9.0,-0.016690749277591715,-0.31293150469124065,-3.5405513949932956,-3.46144644810441,0.004791558758953817,-0.0027950074452766918,-0.0023405553647049423,-0.017889138830008887,0.1166812677055968,0.3686463413219865,0.0,0.0,0.0,0.0,0.0,-0.03129711096491977,14.03952279559052,-30.0,-30.0,44.689027510531716,2.4188599240298183,-5.459448605006704,-5.53855355189559,-0.03129711096491977,14.03952279559052,-76.31848825961801,-114.86194158841089,138.61777106680813,4.689999999999944
0.0,0.0,0.0,0.0,0.0,0.0,0.0,0.0,0.0,0.0,0.0,0.0,1,0.0,-1.5707963267948966,nan,-0.2580867720079471,-0.21558775536147268,-0.09227809409323878,-0.002879912691811759,-1.5707917047151572,-0.2465263189370084,-0.20643579625758493,0.6971266838196946,-0.10230999071823077,0.4497346662639779,0.29801761072303645,0.2426011347971213,-0.2336481609892388,0.017833714715087694,0.011560453070938698,0.009151959103887747,-0.010031896624991987,0.012498510733976224,0.009521760136275273,0.008007908839631143,-0.001192581439867054,-1.3366902254068749,1.6001661493466215,-0.1365117620745935,0.23777496532337739,-1.570792331177068,0.6959216649119531,1.0,-0.8614019117209679,-0.7981358476871638,0,zero,0,-0.2377749653233776,-0.24065487801518914,2.4444725536092733,1.2877602481993808,1.3983595619898448,-0.4583480395802133,0.3991654749928571,2.4456788422001323,1.2198732795057228,1.5763603745706405,-0.10757932447541453,0.11969621482049281,-0.027139454681135287,0.024173730003679093,-0.02073018357271774,0.1365226285118163,-0.6207026357931229,1.7341507975878547,3.1984587743237074,0.6765440000001571,-10.61685562133789,-3.995617828600473e-06,6.264619107909652e-07,0.0,0.0,0.0,1,-0.09673428697322822,1.7351849016129235,-9.0,-9.0,-0.09673428697322822,0.4694417724018666,-5.481425182478682,-5.561576024960936,0.004791558758953817,-0.0027950074452766953,-0.002340555364704916,-0.010621655637337416,0.049011696997079815,0.13134157623654935,0.0,0.0,0.0,0.0,0.0,-0.18138812483260497,11.567899344086157,-30.0,-30.0,43.97555226357867,1.265743129211057,-3.5185748175213183,-3.438423975039064,-0.18138812483260497,11.567899344086157,-58.76696434752103,-86.71411754560447,105.388535795989,4.699999999999944
0.0,0.0,0.0,0.0,0.0,0.0,0.0,0.0,0.0,0.0,0.0,0.0,0,0.0,-1.5707963267948966,nan,-0.2552462512473471,-0.21262050853189932,-0.09304162029859259,-0.003052468235950734,-1.570791699042532,-0.24673390720207702,-0.20612205610543682,0.6959639663964573,-0.10224876415195919,0.41245949442104674,-0.30481090256685994,-0.26535066774252547,0.08247527716253866,0.014123079799414429,0.008512344045270098,0.006498452426462492,-0.0092071438533666,0.005596166717548001,0.004308142498687523,0.003563294826356774,-0.00024478586979937746,5.1190100538642795,-6.145163618816038,-0.13766335587101317,0.19865601747050654,-1.570792270898473,0.6945482996620729,1.0,-0.8614019117209679,-0.7981358476871638,0,zero,0,-0.19865601747050654,-0.20170848570645727,2.445635270124514,1.28749661837433,1.3985943830754772,-0.4585494104158752,0.3478018616847355,2.447052035026059,1.2209472206176095,1.5627488684137245,-0.15923584511998926,0.11286858719899304,-0.025591384922277416,0.022794829033959043,-0.019547706965816584,0.13762416603455752,0.6174323088776588,-3.4878552770750604,-10.86837972348871,0.6480000000001606,-0.41227835416793823,-4.055896423604821e-06,5.718559412670743e-07,0.0,0.0,0.0,0,-0.15367834203229297,0.6804838121042877,-7.667198778320898,-8.987475846507154,-0.15367834203229297,0.7807579985810565,-6.43747707429415,-6.7278570621763745,0.004791558758953817,-0.0027950074452766953,-0.002340555364704916,0.007170166826605916,-0.04416398119160323,-0.17670991185151577,0.0,0.0,0.0,0.0,0.0,-0.2881649016169004,4.5365587473619176,-25.55732926106966,-29.958252821690515,39.64009832689426,-0.10027418647676889,-1.2297217040267485,-2.2596187843307796,-0.2881649016169004,4.5365587473619176,-25.55732926106966,-29.958252821690515,39.64009832689426,4.709999999999944
0.0,0.0,0.0,0.0,0.0,0.0,0.0,0.0,0.0,0.0,0.0,0.0,0,0.0,-1.5707963267948966,nan,-0.24653770859936333,-0.20480547039899513,-0.0950211767354493,-0.003214988361617044,-1.5707916937066542,-0.2469290494511197,-0.2058263670913739,0.6948688698015744,-0.10219109740085916,1.183074360444451,-0.8903684897026476,-0.7519349118841251,0.20372231879567382,0.0072528022216957425,-0.00039134085175637767,-0.0010208966923787588,-0.007169920665409862,0.004207984697104308,-0.0030582821305223298,-0.0026327099396263845,0.0011928470123969259,9.931369788243394,-11.954837619889924,-0.13079464086461257,0.06848369685743982,-1.5707920012710257,0.6932039109735771,0.5428969413192776,0.8112770224981709,0.7992956891585308,0,zero,0,-0.06848369685743982,-0.07169868521905709,2.446730365862435,1.287248320621595,1.3988155475353259,-0.4587390700113006,0.1656591139186942,2.4483957853540224,1.2350350582350962,1.499806988591948,-0.3382622155266761,0.10617311453056251,-0.02407327946400406,0.02144261794878493,-0.018388118270962418,0.13071034884184926,1.915774163155258,-7.840151948175532,-21.466265422895916,0.6189760000001638,-0.16745147109031677,-4.3255238706407795e-06,3.075643713046361e-07,0.0,0.0,0.0,1,-0.1699783558228793,-1.4017387721122911,5.086440126248054,9.0,-0.1699783558228793,0.4776184337684298,-4.382028326703335,-3.9815831612537487,0.002601322594387621,0.0026323662476370395,0.002343956631777284,0.016379046762069062,-0.1217505637878622,-0.4311437085819306,0.0,0.0,0.0,0.0,0.0,-0.31872933775150813,-9.344925147415275,16.95480042082685,30.0,35.70566442053149,-1.8793572058807209,9.468468452951388,12.981583161253749,-0.31872933775150813,-9.344925147415275,16.95480042082685,42.40856287225321,46.6195310637233,4.719999999999944
0.0,0.0,0.0,0.0,0.0,0.0,0.0,0.0,0.0,0.0,0.0,0.0,0,0.0,-1.5707963267948966,nan,-0.2356332178749208,-0.19526244659659187,-0.09371601299935953,-0.003367673911532254,-1.5707916886997166,-0.24711205308525142,-0.2055483989609503,0.6938400407196559,-0.10213691937698208,1.450306012565826,-1.1087494358574228,-0.9265055671979688,-0.12509857122126877,0.017563488777815783,-0.011478835210330607,-0.010285952364358447,-0.00842090637762255,0.012300984504996535,-0.00941385623481654,-0.007917830107773529,-3.869065527555872e-05,10.278627608197528,-12.403524118450036,-0.11418596581095262,-0.09591574393327629,-1.5707915595212365,0.6919862928609106,-0.6675364153445598,0.8614018992114502,0.7981358013891867,0,zero,0,0.09591574393327651,0.09254807002174381,2.447759194137685,1.2870150480958706,1.3990233286834877,-0.4589172527470097,0.11173935526548395,2.449612451823236,1.2594790836047949,1.4115578218787626,-0.5664668045405007,0.09961616082882065,-0.022586581258036573,0.02011838201809788,-0.01725251967146812,0.11408847380738671,2.6690400056633004,-8.987540947368087,-22.427430665887425,0.5895680000001662,-0.31702688336372375,-4.767273660277738e-06,-1.2917848035698398e-07,0.0,0.0,0.0,1,-0.14570940533305737,-4.241383833954918,9.0,9.0,-0.14570940533305737,-0.5225421039698623,-0.6733979301497341,0.1956243508175094,-0.0031985399578648584,0.002795007404686821,0.0023405552289348223,0.022870175813032977,-0.15219538457174933,-0.4927542035228441,0.0,0.0,0.0,0.0,0.0,-0.2732222113876943,-28.27589222636612,30.0,30.0,50.98627983657827,-3.718841729985056,9.673397930149735,8.804375649182491,-0.2732222113876943,-28.27589222636612,55.082961188245214,102.32100097608638,119.59649069093904,4.729999999999944
0.0,0.0,0.0,0.0,0.0,0.0,0.0,0.0,0.0,0.0,0.0,0.0,0,0.0,-1.5707963267948966,nan,-0.2272034795884857,-0.18788598520453506,-0.08956762356089276,-0.0035107352219172494,-1.5707916840137062,-0.24728323120494958,-0.20528780102583197,0.6928760618653668,-0.10208615560764561,1.1891249382945441,-0.860091640613328,-0.7115863456938459,-0.40976256691303004,0.029372321383622398,-0.020079751616463887,-0.017401815821296907,-0.01251853204675285,0.01585558508000368,-0.011988629954356003,-0.010004755129954973,-0.002752672308211227,6.923190528771011,-8.371796065096303,-0.09331553055672322,-0.229176913055398,-1.5707910967060512,0.6909648995063026,-1.0,0.8614019117209782,0.7981358476871735,0,zero,0,0.22917691305539822,0.22566617783348075,2.44872317223478,1.2867964794475726,1.3992180127533522,-0.45908420408246187,0.30116243659328945,2.4506329273228347,1.2847713185784861,1.3331062071775772,-0.7528873591663989,0.09320415605572507,-0.021132748208966275,0.018823419830700655,-0.016142024772237137,0.09324401544340037,2.2704666524845707,-6.674552151178889,-15.267673668550323,0.5598720000001682,-0.8096258640289307,-5.230088845564751e-06,-5.873076549534062e-07,0.0,0.0,0.0,1,-0.09618586222234199,-4.5,9.0,9.0,-0.09618586222234199,-1.7153756493367933,2.569456214417941,3.4647657730372248,-0.004791558758953817,0.0027950074452767286,0.0023405553647049444,0.021813733249789947,-0.12478844750551461,-0.37022206516224987,0.0,0.0,0.0,0.0,0.0,-0.18035976415215074,-30.0,30.0,30.0,51.9618372427739,-2.784624350663207,6.430543785582059,5.535234226962775,-0.18035976415215074,-38.71956748452836,69.08239100501503,115.9828651083619,140.4408743263432,4.739999999999943
0.0,0.0,0.0,0.0,0.0,0.0,0.0,0.0,0.0,0.0,0.0,0.0,0,0.0,-1.5707963267948966,nan,-0.22396700208142492,-0.18490244690454172,-0.08711194563249641,-0.0036443922203692747,-1.570791679640393,-0.2474429028961016,-0.20504420210760216,0.6919754513239267,-0.1020387282013829,0.49840513409892867,-0.33961491982127945,-0.2739939381763534,-0.24082505221336425,0.0343455537090227,-0.02347590081467668,-0.02014175520306044,-0.014926782568886493,0.013731564853339172,-0.010238398666790691,-0.00848145182998264,-0.0034345364923090184,1.4581480381743788,-1.7661766057251476,-0.07340601265912132,-0.2881315491042662,-1.570790845682204,0.6901497474402143,-1.0,0.861401911720968,0.7981358476871638,0,zero,0,0.28813154910426597,0.2844871568838969,2.4496237820676035,1.2865922786733046,1.399399899030792,-0.4592401806702748,0.3923669807152196,2.4514476160924974,1.2992333713799806,1.2936221089695041,-0.8368640452365366,0.08694359612155267,-0.01971325317425016,0.017559043294253788,-0.015057758599760176,0.07338975515410548,0.778774558555376,-1.880247950255187,-3.39179594723227,0.5299840000001697,-1.119439959526062,-5.481112692606871e-06,-8.339581887284453e-07,0.0,0.0,0.0,1,-0.04551444333553348,-4.5,9.0,9.0,-0.04551444333553348,-2.68040874656555,4.831959949214278,5.5660652390449314,-0.004791558758953817,0.0027950074452766957,0.002340555364704916,0.012689190887722511,-0.05345272794604896,-0.1347377005881128,0.0,0.0,0.0,0.0,0.0,-0.08534491531133223,-30.0,30.0,30.0,51.961594314980076,-1.8195912534344498,4.168040050785722,3.4339347609550686,-0.08534491531133223,-33.073545123018135,55.62514590572314,87.68432574546725,108.97965181275394,4.749999999999943
0.0,0.0,0.0,0.0,0.0,0.0,0.0,0.0,0.0,0.0,0.0,0.0,0,0.0,-1.5707963267948966,nan,-0.2268719228913593,-0.1870580217598932,-0.08943719354513766,-0.0037688745237356436,-1.5707916755713294,-0.24759139352882317,-0.2048172104845571,0.6911366618916407,-0.10199455581390082,0.4346111239310937,0.2756430177212804,0.23825664783965472,0.2369420300123326,0.030039517219887436,-0.020719470637463877,-0.017759188724663894,-0.012557362268763167,0.00646280894526967,-0.0049791664507497155,-0.004058740072467159,-0.0007088229277721122,-4.874311861343725,5.911663562392119,-0.05719332233520328,-0.25185585821388523,-1.5707909776010796,0.6895134592451754,-1.0,0.8614019117209679,0.7981358476871638,0,zero,0,0.25185585821388523,0.2480869836901496,2.4504625708388756,1.2864020949663333,1.3995692999873492,-0.45938545047043755,0.3409605137690871,2.4520841756381895,1.295247491199194,1.3099594474359564,-0.7882368996671166,0.08084104288491983,-0.018329583964215482,0.016326577635279723,-0.01400085760211875,0.05724364485179621,-1.1878495963363263,4.018796293615077,10.492974968262036,0.5000000000001705,-0.8838919997215271,-5.349193816783782e-06,-6.979702495968354e-07,0.0,0.0,0.0,1,0.0018564978770919118,-2.4383343965113173,6.012551563973375,9.0,0.0018564978770919118,-2.9937705269078783,5.68710602399462,6.7380664025393635,-0.004791558758953817,0.0027950074452766953,0.002340555364704916,-0.01027416673900208,0.05090770397602152,0.1695112765620375,0.0,0.0,0.0,0.0,0.0,0.003481151091490553,-16.255562643408783,20.041838546577917,30.0,39.57168964423047,0.5554361303965609,0.32544553997875525,2.2619335974606365,0.003481151091490553,-16.255562643408783,20.041838546577917,31.841932433696208,40.98569607084124,4.759999999999943
0.0,0.0,0.0,0.0,0.0,0.0,0.0,0.0,0.0,0.0,0.0,0.0,0,0.0,-1.5707963267948966,nan,-0.23571460244525924,-0.19414310909938787,-0.09457058602177007,-0.0038844215359898904,-1.5707916717978392,-0.2477290350682433,-0.2046064138412055,0.6903580804164018,-0.10195355361404262,1.2481264767353741,0.8705038014479832,0.7295883982846252,0.5174394676490612,0.017559485978835304,-0.012014432622984045,-0.010463304741817642,-0.007382967592272555,0.00442950437824615,0.002479525904949917,0.002154283111090418,0.0029717881150672053,-9.665786797109071,11.73529139741012,-0.049669796023382215,-0.12523871268428732,-1.5707914151162579,0.6889938453015361,-0.21953923222276853,-0.8612618576337345,-0.7993002336685877,0,zero,0,0.1252387126842871,0.12135429114829765,2.4512411516996533,1.286225562567056,1.3997265414134268,-0.45952029286452933,0.15556357726941678,2.452604683231231,1.274467014571403,1.3791038707320777,-0.6132558104186155,0.07490312415275709,-0.01698324334205401,0.015127361399157645,-0.012972469648980746,0.04976413817465839,-2.496196819619227,8.37465499921089,21.081894962468695,0.4700160000001709,-0.3403652608394623,-4.91167863891917e-06,-2.5668158132319263e-07,0.0,0.0,0.0,1,0.050993497972491905,0.3388494353257407,-8.541064915241837,-9.0,0.050993497972491905,-2.4652510135838464,3.0184389192038004,3.993728891645268,-0.0010519351310910026,-0.0027945530090707476,-0.002343969958678243,-0.02108288220316181,0.13185242007788872,0.4226058766340353,0.0,0.0,0.0,0.0,0.0,0.09561878487247685,2.258996235504938,-28.470216384139455,-30.0,41.42059183430107,2.804100448909587,-11.559503834445637,-12.993728891645269,0.09561878487247685,2.258996235504938,-28.470216384139455,-39.577507815890385,48.8061937956714,4.769999999999943
0.0,0.0,0.0,0.0,0.0,0.0,0.0,0.0,0.0,0.0,0.0,0.0,0,0.0,-1.5707963267948966,nan,-0.24672145687294517,-0.20299433767470704,-0.09664854845652088,-0.003991282546109476,-1.5707916683110112,-0.24785616639635366,-0.20441137922020228,0.689638027138216,-0.10191563324975586,1.4306649242916318,1.087972309957555,0.9046263196322402,0.21158827990375717,0.005571153800004149,-0.0011347095234084947,-0.00141704154549524,-0.005267084793234983,0.012085653979135342,0.00889043097992217,0.007453838449282869,0.003385788160328758,-10.114340150331715,12.292864651406875,-0.05473598903186988,0.03663798916354688,-1.570791868060103,0.6884760055820227,0.8391813067513149,-0.8614019117152545,-0.798135800800122,0,zero,0,-0.03663798916354688,-0.04062927170965658,2.451961204408802,1.286062300613474,1.399871962551476,-0.4596449987699339,0.10632488219483922,2.4531235058909746,1.2486307485466344,1.4686200883860043,-0.3876991598831831,0.06913653368032682,-0.015675749023826048,0.013962746450127099,-0.011973754031603528,0.05482608745337381,-2.4887939960734213,8.824447340571494,22.25464791426913,0.4401280000001707,-0.11598460376262665,-4.458734793821861e-06,1.997490919336542e-07,0.0,0.0,0.0,1,0.07304708858295045,1.8620033534974594,-9.0,-9.0,0.07304708858295045,-1.4001375697636194,-0.6659516481928258,-0.18820787874911366,0.004020986540714573,-0.0027950074452581567,-0.002340555227207374,-0.022706294224498692,0.15179270596904398,0.48812909489914963,0.0,0.0,0.0,0.0,0.0,0.1369718518337717,12.413355689983064,-30.0,-30.0,44.205318240843255,3.2621409232610787,-8.334048351807175,-8.811792121250887,0.1369718518337717,12.413355689983064,-67.93539399572049,-99.68388918563767,121.26914562782446,4.7799999999999425
0.0,0.0,0.0,0.0,0.0,0.0,0.0,0.0,0.0,0.0,0.0,0.0,0,0.0,-1.5707963267948966,nan,-0.25511646054161724,-0.20964302945340563,-0.0945434111681282,-0.00408971682594883,-1.5707916651016953,-0.24797313364398132,-0.20423165297640056,0.6889747550297252,-0.10188070281406716,1.0928812199462818,0.827803642104441,0.682841802250031,-0.20702068527039819,0.01158213983855912,0.0071433268976359154,0.00541137647700507,-0.007337291645938965,0.014887773100650786,0.011425423270996132,0.009504682138713184,0.0008755046642181571,-6.822402666414696,8.302106153216746,-0.06541701955954818,0.16855943032992804,-1.570792172267813,0.6878716068078643,1.0,-0.8614019117209671,-0.7981358476871727,0,zero,0,-0.16855943032992826,-0.17264914715587665,2.452624475992478,1.2859119129916643,1.4000059162291838,-0.45975987075405467,0.3000397685925007,2.453728590749742,1.2281861993757284,1.542652533985203,-0.20218982572175037,0.06354803117122085,-0.014408633678459877,0.012834097971287468,-0.011005881462833492,0.06547287895315511,-1.6857944024581293,6.136181682969208,15.19609045596549,0.41043200000017,-0.35503140091896057,-4.154527083244375e-06,5.071661179911757e-07,0.0,0.0,0.0,1,0.021482476853973913,2.124188325680231,-9.0,-9.0,0.021482476853973913,-0.3019980327846063,-3.550271949837141,-3.4614118019976,0.004791558758953817,-0.0027950074452766926,-0.002340555364704942,-0.017831889899833087,0.11636341749876662,0.368735035656813,0.0,0.0,0.0,0.0,0.0,0.04028216173630961,14.161255504534875,-30.0,-30.0,44.7274276045166,2.4261863584648373,-5.449728050162859,-5.5385881980024,0.04028216173630961,14.161255504534875,-76.33870027022154,-114.40623018429156,138.26397015869716,4.789999999999942
0.0,0.0,0.0,0.0,0.0,0.0,0.0,0.0,0.0,0.0,0.0,0.0,1,0.0,-1.5707963267948966,nan,-0.25825471409681505,-0.21191849262008183,-0.09228845331209182,-0.004179993728115727,-1.5707916621604916,-0.24808029053186467,-0.2040667607326886,0.6883664491367157,-0.10184866681105523,0.44815469539288905,0.30310966673144646,0.2440355410388173,-0.22229218530244454,0.016017686182975607,0.01017442356495038,0.007851731887393243,-0.00956021349896341,0.012512082418876271,0.009620652529036709,0.0079492890541145,-0.0008966910875143601,-1.328929832561895,1.6194738735837801,-0.07387899011442967,0.22596538147350143,-1.5707922992525225,0.6871698756367363,1.0,-0.861401911720968,-0.7981358476871638,0,zero,0,-0.2259653814735012,-0.23014537520161715,2.4532327814036163,1.2857739881862507,1.4001287689926625,-0.4598652231485317,0.3901806261779525,2.45443059236095,1.2177075776567694,1.5783880133064323,-0.11952702096158138,0.05814444227736923,-0.013183444927753748,0.01174279446459977,-0.010070034077107602,0.07388996852414326,-0.6004407277571053,1.7076530450756988,3.2021462945206087,0.38102400000016867,-10.562853813171387,-4.027542374274162e-06,6.370920306864036e-07,0.0,0.0,0.0,1,-0.0686031722614243,1.743360015608257,-9.0,-9.0,-0.0686031722614243,0.48149754341940215,-5.487709483961639,-5.561598107123349,0.004791558758953817,-0.0027950074452766957,-0.002340555364704916,-0.010494715936806452,0.04860320493913725,0.13143262663092492,0.0,0.0,0.0,0.0,0.0,-0.128638987926916,11.622400104055046,-30.0,-30.0,43.989734395287655,1.2618624721888547,-3.5122905160383606,-3.4384018928766507,-0.128638987926916,11.622400104055046,-58.74157951903999,-86.2775640449871,105.02136903552773,4.799999999999942
0.0,0.0,0.0,0.0,0.0,0.0,0.0,0.0,0.0,0.0,0.0,0.0,0,0.0,-1.5707963267948966,nan,-0.2552825992162503,-0.20915612156205432,-0.09302102686272956,-0.004262392783848101,-1.5707916594777445,-0.24817799871974225,-0.20391620733725369,0.6878112259186375,-0.10181942612182765,0.4101922245756616,-0.30698230684423344,-0.2611817662592608,0.07618142398653216,0.012463702452351316,0.007104600496508046,0.005239914224800635,-0.008798399259098089,0.005624075950579819,0.004359503828465678,0.0035520275875956745,-8.975903543732497e-05,5.0543407026492115,-6.168908972638521,-0.07700725741570275,0.18698768356417772,-1.570792240304896,0.6864120835384945,1.0,-0.861401911720968,-0.7981358476871638,0,zero,0,-0.18698768356417794,-0.19125007634802582,2.4537880041814164,1.285648099130873,1.400240901239639,-0.45996138216345794,0.33894385298526125,2.45518820999204,1.219045085293193,1.5644969067331322,-0.17105832211174843,0.05293265859900467,-0.01200174534636783,0.01069022775087946,-0.009167405430447223,0.07696785181073884,0.6476228729471863,-3.5148030970398976,-10.842254194113618,0.3520000000001668,-0.3697563111782074,-4.086490000609899e-06,5.80827151708263e-07,0.0,0.0,0.0,0,-0.14138507136485243,0.6743155364589527,-7.637465844652978,-8.853706967007051,-0.14138507136485243,0.7896635096207564,-6.435534674561081,-6.703013582527215,0.004791558758953817,-0.0027950074452766957,-0.002340555364704916,0.007368471975732203,-0.04462180698888557,-0.1763580465173658,0.0,0.0,0.0,0.0,0.0,-0.2651135784077488,4.495436909726352,-25.458219482176595,-29.51235655669017,39.23492534656687,-0.11534797316180367,-1.201931170091897,-2.150693384479836,-0.2651135784077488,4.495436909726352,-25.458219482176595,-29.51235655669017,39.23492534656687,4.809999999999942
0.0,0.0,0.0,0.0,0.0,0.0,0.0,0.0,0.0,0.0,0.0,0.0,0,0.0,-1.5707963267948966,nan,-0.24642906379456073,-0.201594958490035,-0.09480638533260288,-0.0043372038008919755,-1.5707916570435354,-0.24826662816229822,-0.20377947682188818,0.687307132589127,-0.10179287797049799,1.176297227964122,-0.8942164864245539,-0.7424432556653815,0.181190662120298,0.007547174473082205,-0.001837564367737493,-0.0021845183318531802,-0.006986492637895109,0.004153956256168825,-0.0030497097276335023,-0.0025770422493103266,0.0011460699806780036,9.798540096727985,-11.977503684797485,-0.07175571688525607,0.05730267913389664,-1.570791968974185,0.6856653665556232,0.5322617480575415,0.8129047003205891,0.7992397331663152,0,zero,0,-0.05730267913389664,-0.06163988293478884,2.454292097110816,1.2855338030586618,1.4003427073526422,-0.4600486860015939,0.15859278577395397,2.4559342833297637,1.2334655930039982,1.501368188900939,-0.34945154090460806,0.04791963768470963,-0.010865112461834869,0.009677802969805954,-0.008299200500466283,0.07167123309232516,1.94956794680406,-7.851442548354447,-21.37675732032437,0.32345600000016433,-0.1665191352367401,-4.357820711398119e-06,3.1193064931045456e-07,0.0,0.0,0.0,1,-0.17411120159693208,-1.4242801091623392,5.120113400700663,9.0,-0.17411120159693208,0.4793276481793714,-4.370526685399153,-3.9487184557247423,0.0025503634409611824,0.002637647605352025,0.002343792539288334,0.016616942233746504,-0.12200204589291531,-0.42953193182842986,0.0,0.0,0.0,0.0,0.0,-0.32647890792599304,-9.495200727748928,17.06704466900221,30.0,35.79873516021594,-1.9036077573417105,9.490640086099816,12.948718455724743,-0.32647890792599304,-9.495200727748928,17.06704466900221,42.73811587614888,46.99038186389222,4.819999999999942
0.0,0.0,0.0,0.0,0.0,0.0,0.0,0.0,0.0,0.0,0.0,0.0,0,0.0,-1.5707963267948966,nan,-0.2354426135296715,-0.19235816055131086,-0.09328382402473653,-0.004404726961372507,-1.5707916548476748,-0.24834655747074538,-0.20365603236090474,0.6868521464565163,-0.10176891589015988,1.441401290814441,-1.1066379573336393,-0.9113353477740699,-0.14985992275282356,0.019135058417080072,-0.012903943941073887,-0.011297871809593879,-0.008485091865423344,0.01219958479673251,-0.009394099742745866,-0.007779827766075538,-0.00023460427576911178,10.125703500552895,-12.393437750361482,-0.0563796275233902,-0.10618657891436256,-1.5707915239432682,0.6850309000328574,-0.679138509666651,0.8614018996826734,0.7981358068421665,0,zero,0,0.10618657891436278,0.10178185195298983,2.454747082881985,1.2854306413527072,1.4004345958321924,-0.46012748497258427,0.12013139569103505,2.456567793198044,1.2582083701057016,1.4131382458555575,-0.576427968500639,0.043112403031387,-0.009775138754553558,0.008706938579916697,-0.0074666356863661906,0.056282280253825055,2.6950487384620403,-8.977205881786846,-22.28613105307063,0.2954880000001613,-0.35761362314224243,-4.8028516284048806e-06,-1.3090440642571366e-07,0.0,0.0,0.0,1,-0.16037679838069063,-4.266203252701189,9.0,9.0,-0.16037679838069063,-0.5288628528385177,-0.6610767888353127,0.22030740525505788,-0.0032541320745360833,0.0027950074062158083,0.0023405552449258355,0.023067676722580643,-0.15209177095569137,-0.4899452027786619,0.0,0.0,0.0,0.0,0.0,-0.30072529229456335,-28.441355018007926,30.0,30.0,51.07838203155803,-3.737340399862671,9.661076788835313,8.779692594744942,-0.30072529229456335,-28.441355018007926,55.07002632115596,102.30710370181832,119.61794337735961,4.8299999999999415
0.0,0.0,0.0,0.0,0.0,0.0,0.0,0.0,0.0,0.0,0.0,0.0,0,0.0,-1.5707963267948966,nan,-0.2270059310501893,-0.18529494407464658,-0.08902890574494313,-0.004465272919673913,-1.570791652879695,-0.24841817427873772,-0.20354531623021455,0.6864441742643541,-0.10174742968885822,1.1774988959197052,-0.8508299287474541,-0.6952500345974083,-0.423343207849175,0.03087589828988284,-0.021412243228548428,-0.018250372155567962,-0.012718523943915094,0.015713158478241968,-0.01191384657171106,-0.009804199787680854,-0.0029734282825241987,6.789779425731512,-8.318040373877722,-0.03664794121975334,-0.23825770580035477,-1.5707910592436403,0.6845803017913153,-1.0,0.8614019117209778,0.7981358476871799,0,zero,0,0.238257705800355,0.23379243288068086,2.4551550547498047,1.2853381393965302,1.4005169894299896,-0.46019814160717454,0.3081652089498325,2.457017472516787,1.2836866959837951,1.3348776935049775,-0.7612813244192977,0.038518044084265256,-0.008733431657789696,0.00777906635860821,-0.006670938808936731,0.03657695134567558,2.284203039258177,-6.651273049335586,-15.104430243547354,0.26819200000015764,-0.8709716200828552,-5.267551256515901e-06,-5.936360549796404e-07,0.0,0.0,0.0,1,-0.10995433563999506,-4.5,9.0,9.0,-0.10995433563999506,-1.7239984644642745,2.5784181468390424,3.4800029131052184,-0.004791558758953817,0.0027950074452767273,0.002340555364704963,0.021926213894857532,-0.12443545446760837,-0.36682963491812176,0.0,0.0,0.0,0.0,0.0,-0.2061772654040785,-30.0,30.0,30.0,51.96193326912279,-2.7760015355357255,6.421581853160958,5.519997086894781,-0.2061772654040785,-38.77382406803456,68.90894426686961,115.66643272289777,140.10930804460796,4.839999999999941
0.0,0.0,0.0,0.0,0.0,0.0,0.0,0.0,0.0,0.0,0.0,0.0,0,0.0,-1.5707963267948966,nan,-0.22380134566602355,-0.18258343526811419,-0.08660864477246624,-0.004519162900315177,-1.5707916511288411,-0.24848187561124463,-0.2034467497660696,0.6860810515319334,-0.10172830541555491,0.482437801121951,-0.3268286716672647,-0.26129423423874587,-0.24011366991735783,0.03567927393010844,-0.024680529945221075,-0.02086331449795542,-0.015119660643088673,0.013533636779128966,-0.010103540107878138,-0.008263469378994286,-0.0035767129574951744,1.3629154966465338,-1.6705571453877348,-0.01802802190490057,-0.29589330565753547,-1.5707908111375128,0.6843232926585564,-1.0,0.8614019117209679,0.798135847687164,0,zero,0,0.29589330565753524,0.2913741427572205,2.455518177193342,1.2852558064245572,1.4005903252821008,-0.4602610307714241,0.39767220729078584,2.4572740239428685,1.29822760505395,1.295642061932013,-0.8436116482403895,0.03414371623690348,-0.007741613557677329,0.006895631402137103,-0.005913349110556932,0.018012544510471254,0.7834210360600855,-1.855618903408033,-3.2281895809637655,0.24166400000015342,-1.1811879873275757,-5.515657383714512e-06,-8.39991328049905e-07,0.0,0.0,0.0,1,-0.048973396357385145,-4.5,9.0,9.0,-0.048973396357385145,-2.6875145267803595,4.83782486482023,5.57427547630588,-0.004791558758953817,0.0027950074452766953,0.0023405553647049162,0.012731532840689955,-0.053045237547001196,-0.1312692873879132,0.0,0.0,0.0,0.0,0.0,-0.09183085759869707,-30.0,30.0,30.0,51.9616053726827,-1.8124854732196405,4.16217513517977,3.42572452369412,-0.09183085759869707,-33.02802070178565,55.345846312338665,87.2022592387585,108.43548913873465,4.849999999999941
0.0,0.0,0.0,0.0,0.0,0.0,0.0,0.0,0.0,0.0,0.0,0.0,0,0.0,-1.5707963267948966,nan,-0.22675415987861428,-0.18495732925322733,-0.08907403763546487,-0.004566728795825092,-1.5707916495840637,-0.24853806825495123,-0.20335973332292642,0.6857605418947851,-0.10171142532608593,0.45396228543545053,0.28966215688841224,0.246091042825633,0.24822729524676124,0.031191195990794927,-0.021783908376336952,-0.01840240406969909,-0.01263738769062106,0.006200383533592122,-0.0047961237811454185,-0.0038615381628855153,-0.0007283375976499234,-4.928111091701133,6.041658034303411,-0.0033819104494151957,-0.25826763535661645,-1.5707909512816065,0.6842304945518649,-1.0,0.8614019117209679,0.7981358476871638,0,zero,0,0.25826763535661623,0.25370090656079114,2.455838686575353,1.285183135372586,1.4006550550421522,-0.46031653978092657,0.34476762324691906,2.457367105063447,1.2942650354500869,1.312179523110385,-0.7934110868942468,0.02999664083118888,-0.006801321793218183,0.0060580921256195705,-0.0051951172551946345,0.003433102879753679,-1.1859061879584143,4.033843283403353,10.644597305550398,0.2160000000001486,-0.9301307797431946,-5.375513290051259e-06,-6.983024571916019e-07,0.0,0.0,0.0,1,0.013680481817430317,-2.4274634197457208,5.916522417825442,9.0,0.013680481817430317,-2.996949626360324,5.672154578716319,6.741802938470121,-0.004791558758953817,0.0027950074452766953,0.002340555364704916,-0.01026226755686642,0.05120349511215982,0.17277656275474895,0.0,0.0,0.0,0.0,0.0,0.02565250668934993,-16.183089464971474,19.721741392751476,30.0,39.3807075386532,0.5694862066146031,0.24436783910912308,2.258197061529879,0.02565250668934993,-16.183089464971474,19.721741392751476,31.294858088280556,40.375837688035105,4.859999999999941
0.0,0.0,0.0,0.0,0.0,0.0,0.0,0.0,0.0,0.0,0.0,0.0,0,0.0,-1.5707963267948966,nan,-0.23567475992720505,-0.1922358090001276,-0.0943905595693991,-0.0046083132646193015,-1.5707916482340116,-0.24858716912864467,-0.20328364622987094,0.6854803364452215,-0.10169666784910938,1.2697074118503906,0.8871499174897324,0.7354566839955751,0.5331279410910772,0.018497681936804327,-0.012912409201439629,-0.01104783722974334,-0.007306108279710288,0.004705575808532384,0.002712116799615822,0.0023245715649032363,0.0030632063584959714,-9.691821331259726,11.88163778325171,0.0021495020050547055,-0.1303303221306653,-1.5707913981915076,0.6842363895552342,-0.21483937994516988,-0.861488452528955,-0.799291689785793,0,zero,0,0.1303303221306651,0.12572200886604623,2.4561188918017445,1.2851196027282625,1.4007116450145132,-0.46036506851502096,0.15828395037304105,2.457362116512226,1.2735330829020914,1.381356825585849,-0.6170284237108552,0.02608410515732912,-0.005914208656279932,0.005267920263029847,-0.004517505328405171,-0.002054361674870778,-2.48853153664456,8.369337424423378,21.213930732063304,0.19129600000014318,-0.3636781573295593,-4.928603388965058e-06,-2.5004250403526385e-07,0.0,0.0,0.0,1,0.07903198550116568,0.3439999917513728,-8.626567353607994,-9.0,0.07903198550116568,-2.465092933915877,2.98038265167666,3.99493909362854,-0.0010294155127444856,-0.002795288245910352,-0.0023439449035065345,-0.021040744582005482,0.13183868646070812,0.4254768937290858,0.0,0.0,0.0,0.0,0.0,0.14819423495437029,2.2933332783424856,-28.75522451202665,-30.0,41.61903742031866,2.8090929256672497,-11.606950005284654,-12.99493909362854,0.14819423495437029,2.2933332783424856,-28.75522451202665,-40.12665298241526,49.41955640599236,4.869999999999941
0.0,0.0,0.0,0.0,0.0,0.0,0.0,0.0,0.0,0.0,0.0,0.0,0,0.0,-1.5707963267948966,nan,-0.24679535774954722,-0.2013005589833664,-0.09661679678453569,-0.004644269828875558,-1.5707916470670247,-0.24862960565201117,-0.20321784674496038,0.6852380530728357,-0.10168390755203971,1.4529476976688152,1.107816129897568,0.9130549468149368,0.223899751220627,0.0057197962602357245,-0.001834247902463948,-0.001917287761593972,-0.005067110767504018,0.012441347637132219,0.00917727602711265,0.007623255085410126,0.003528557446454219,-10.138499227014304,12.429630124992153,-0.005416076187368237,0.03279393483663817,-1.5707918573370885,0.6842216624368831,0.8405872688488265,-0.8614019117246062,-0.7981358002899147,0,zero,0,-0.03279393483663817,-0.03743820466551373,2.4563611749810725,1.2850646683815479,1.4007605762874886,-0.4604070295310111,0.10581643957740856,2.457377836090496,1.2478248126036,1.47069446391798,-0.39027479879826316,0.0224134624538714,-0.0050819413916005215,0.004526600867204057,-0.0038817868373346594,0.005506813572852992,-2.4727608309863762,8.79903633486948,22.366377455404123,0.16764800000013713,-0.11735125631093979,-4.469457808298216e-06,2.1027006358309563e-07,0.0,0.0,0.0,1,0.11192431191406117,1.8532098789062428,-9.0,-9.0,0.11192431191406117,-1.4003338484496386,-0.7038500798282722,-0.1883105707309547,0.004027723290717661,-0.0027950074452885005,-0.002340555225711177,-0.02260480190923626,0.15143500385635753,0.4905661417342884,0.0,0.0,0.0,0.0,0.0,0.2098712017889765,12.35473252604162,-30.0,-30.0,44.189178106312085,3.2535437273558814,-8.296149920171727,-8.811689429269045,0.2098712017889765,12.35473252604162,-68.08140093304038,-100.18864097671444,121.76011003394234,4.87999999999994
0.0,0.0,0.0,0.0,0.0,0.0,0.0,0.0,0.0,0.0,0.0,0.0,0,0.0,-1.5707963267948966,nan,-0.2553127254086379,-0.2081937507921885,-0.09458496106638745,-0.0046749629724092134,-1.570791646071124,-0.24866581611115246,-0.20316167200682608,0.6850312358050276,-0.10167301510696652,1.1149346822446482,0.8481157199949407,0.6949366546956381,-0.20209432730750598,0.010942747835587845,0.006646909297485459,0.005032078785362409,-0.007088054040579078,0.015269372042452961,0.01175149005498577,0.009697916909490015,0.0010033003912300331,-6.861187191766993,8.413891672397735,-0.018830066817107242,0.16586641810933278,-1.5707921641334088,0.6840944865124917,1.0,-0.8614019117209686,-0.7981358476871718,0,zero,0,-0.16586641810933278,-0.17054138108174222,2.4565679920840178,1.2850177754751926,1.4008023448665052,-0.4604428481783799,0.29967279199058455,2.457505704341974,1.2275737877396067,1.5443880827329557,-0.20375972230226339,0.01899213190768721,-0.004306202196784709,0.0038356323098371406,-0.0032892467107173717,0.018886407277745258,-1.6648981022021705,6.097614935179787,15.289487090287805,0.14515200000013048,-0.34419316053390503,-4.162661487505659e-06,5.180622846268079e-07,0.0,0.0,0.0,1,0.06063274648727488,2.104112767888941,-9.0,-9.0,0.06063274648727488,-0.3062985127437612,-3.5777528266942387,-3.462136428727055,0.004791558758953817,-0.0027950074452766974,-0.0023405553647049392,-0.017689736635192757,0.11577252150083871,0.3707773561846386,0.0,0.0,0.0,0.0,0.0,0.11369350550773463,14.02741845259294,-30.0,-30.0,44.68535995890981,2.4104112806327023,-5.422247173305761,-5.537863571272945,0.11369350550773463,14.02741845259294,-76.30779431388069,-114.85372302428122,138.60389085536224,4.88999999999994
0.0,0.0,0.0,0.0,0.0,0.0,0.0,0.0,0.0,0.0,0.0,0.0,1,0.0,-1.5707963267948966,nan,-0.25855853359291153,-0.21073235769533916,-0.09233832283001178,-0.004700768238552477,-1.5707916452340043,-0.2486962500190762,-0.20311443798280454,0.6848573541475161,-0.10166385725655419,0.46937749749239094,0.32153742763498805,0.2585840927172206,-0.22374803859633308,0.015564797794317582,0.00986228357383534,0.007617919712534615,-0.009325534426542409,0.012911528384759915,0.009960281021674471,0.00817470362173272,-0.0008213329998011248,-1.3877190357356848,1.702635955349349,-0.029995532691929935,0.22432518250314937,-1.5707922913174894,0.683843109800681,1.0,-0.8614019117209679,-0.798135847687164,0,zero,0,-0.22432518250314937,-0.22902595074170184,2.456741873602874,1.284978350255206,1.4008374618073023,-0.46047296271300575,0.3902745187158116,2.4577573557739427,1.2173065487411614,1.5796947001764836,-0.12026158089632961,0.015827598653962154,-0.0035886882223017586,0.0031965262814807904,-0.002741181298873965,0.030006862854590734,-0.5797793201542735,1.6626941500639854,3.2794422182797955,0.12390400000012321,-10.553584098815918,-4.0354774073492194e-06,6.460834853783126e-07,0.0,0.0,0.0,1,-0.03709751768807376,1.7196345578797234,-9.0,-9.0,-0.03709751768807376,0.4717254534751279,-5.505749354339076,-5.562553586886813,0.004791558758953817,-0.0027950074452766953,-0.0023405553647049162,-0.010347441824346878,0.04788526075810242,0.1331249162706463,0.0,0.0,0.0,0.0,0.0,-0.06956219330221969,11.464230385864823,-30.0,-30.0,43.94807637700339,1.2479091044045956,-3.494250645660924,-3.4374464131131868,-0.06956219330221969,11.464230385864823,-58.569873330320135,-86.67110471119773,105.23185768116075,4.89999999999994
0.0,0.0,0.0,0.0,0.0,0.0,0.0,0.0,0.0,0.0,0.0,0.0,0,0.0,-1.5707963267948966,nan,-0.2556687848537943,-0.20823530856498573,-0.09304819843528803,-0.004722072328023019,-1.5707916445430297,-0.24872136846932155,-0.20307543941283338,0.6847138024248651,-0.10165629677991922,0.3879842499463896,-0.29148671893625966,-0.24580505603822578,0.07174360819112158,0.012206154234541529,0.006947416384472743,0.005159869152152358,-0.008608098344631193,0.006038326483470787,0.004688644202974237,0.0038043687531297997,-6.914223825111622e-05,4.987166667702265,-6.123086543898338,-0.035652358704733114,0.18624769174804334,-1.570792231535534,0.683509720949302,1.0,-0.8614019117209679,-0.7981358476871638,0,zero,0,-0.18624769174804356,-0.19096976407606636,2.4568854252110235,1.284945801921329,1.4008664533491166,-0.46049782441137743,0.3393178732013802,2.4580905728454385,1.2188227115362489,1.5653456964970776,-0.17117191443356772,0.012927413776232804,-0.0029311115714938003,0.002610807791550904,-0.002238898373717871,0.035613127926401894,0.6628831641270455,-3.560469941452501,-10.794676329769084,0.10400000000011528,-0.36579909920692444,-4.0952593627352485e-06,5.869925043811008e-07,0.0,0.0,0.0,0,-0.12096785795144938,0.6529174854009568,-7.560663030195302,-8.957277757703615,-0.12096785795144938,0.7755444410966527,-6.431910738366416,-6.723269205960385,0.004791558758953817,-0.0027950074452766953,-0.002340555364704916,0.0074856663743832,-0.04536830044848911,-0.1751711499489296,0.0,0.0,0.0,0.0,0.0,-0.2268289104658717,4.352783236006379,-25.20221010065101,-29.85759252567872,39.314442621523995,-0.12262695569569582,-1.128752291828886,-2.23400855174323,-0.2268289104658717,4.352783236006379,-25.20221010065101,-29.85759252567872,39.314442621523995,4.90999999999994
0.0,0.0,0.0,0.0,0.0,0.0,0.0,0.0,0.0,0.0,0.0,0.0,0,0.0,-1.5707963267948966,nan,-0.24684564165397743,-0.20090692222116505,-0.09480891401054126,-0.004739273196809224,-1.5707916439852225,-0.2487416444808048,-0.20304394974826606,0.6845978991209896,-0.10165019245848211,1.1600535204973585,-0.8843419211300108,-0.7296896679253373,0.1766819896690336,0.007413825205195014,-0.0018960028268273643,-0.0021370275271010153,-0.006841278447940857,0.003784637728818195,-0.002764956356162985,-0.002324238320741988,0.0011297855173892611,9.746804801871383,-11.975274906927321,-0.032679078806754344,0.05708174309801928,-1.5707919594078297,0.6831633744377107,0.5299851944083349,0.81701707459741,0.7992834922575071,0,zero,0,-0.05708174309801928,-0.06182101629482872,2.4570013284224297,1.2849195224775047,1.4008898610478755,-0.4605178976848115,0.15873354651325738,2.4584362759000498,1.2333415846252245,1.5017908136141815,-0.34937387484718296,0.0102991943063435,-0.0023351993005660296,0.0020800151683188516,-0.0017837171287478069,0.032594511669736086,1.955521408764835,-7.89069270693879,-21.375618787725582,0.08553600000010672,-0.16494420170783997,-4.36738706710571e-06,3.1542260714445547e-07,0.0,0.0,0.0,1,-0.16442174232395707,-1.437797334784223,5.207929323039806,9.0,-0.16442174232395707,0.46372541708662496,-4.341241348607839,-3.9753706401426103,0.0025394552003830985,0.0026509911057147244,0.002343920864028966,0.016672723044104047,-0.12267452249910643,-0.4293307934778911,0.0,0.0,0.0,0.0,0.0,-0.30831003623468417,-9.585315565228154,17.359764410132687,30.0,35.96296358670622,-1.901522751870848,9.549170671647644,12.97537064014261,-0.30831003623468417,-9.585315565228154,17.359764410132687,42.51708924091548,46.91521744017317,4.9199999999999395
0.0,0.0,0.0,0.0,0.0,0.0,0.0,0.0,0.0,0.0,0.0,0.0,0,0.0,-1.5707963267948966,nan,-0.2358325459651392,-0.1918431547278118,-0.09325409455439698,-0.004752780154036351,-1.570791643547258,-0.2487575633318829,-0.20301922108473797,0.6845068862196784,-0.10164539904178566,1.4343847650185744,-1.1029014539916338,-0.9039038829825152,-0.1550026039447816,0.01903613732208067,-0.012925017366743702,-0.011176066356926168,-0.008391304487388673,0.011896705064109486,-0.009179733542589543,-0.007562134007579441,-0.0002796653730357465,10.099728407732439,-12.415357954996312,-0.019339883379467127,-0.10628424272211756,-1.570791513889481,0.6829075029754589,-0.678745916126286,0.8614019009030647,0.7981358027001757,0,zero,0,0.10628424272211756,0.10153146256808121,2.457092341251116,1.2848988865823492,1.4009082419093826,-0.46053366019366754,0.11971192528512663,2.4586911886764726,1.2580876340647333,1.4132451653849183,-0.576539460910604,0.007950623224480662,-0.0018026934185944902,0.0016057000589184104,-0.0013769681790537225,0.019242275970260216,2.6919279218777263,-9.00340369385143,-22.316026080329426,0.06860800000009752,-0.3550298511981964,-4.8129054155410245e-06,-1.2965777695939096e-07,0.0,0.0,0.0,1,-0.15673086730880226,-4.269063875036699,9.0,9.0,-0.15673086730880226,-0.5425192341817705,-0.6286898544512688,0.19968428506414498,-0.0032522509395190385,0.0027950074101756356,0.002340555232779334,0.023057286632631676,-0.15256128050253923,-0.4904744314007957,0.0,0.0,0.0,0.0,0.0,-0.2938887442505199,-28.460425833577993,30.0,30.0,51.08896367340593,-3.7265446408549288,9.628689854451268,8.800315714935856,-0.2938887442505199,-28.460425833577993,55.339042854234634,102.31029038462621,119.74926885719155,4.929999999999939
0.0,0.0,0.0,0.0,0.0,0.0,0.0,0.0,0.0,0.0,0.0,0.0,0,0.0,-1.5707963267948966,nan,-0.2273314958733437,-0.18489292910417904,-0.08894470664079282,-0.004763013959848017,-1.5707916432154565,-0.24876962288154622,-0.20300048408812457,0.6844379285451142,-0.10164176721328305,1.1792290100671161,-0.8513109641458821,-0.6931488627019367,-0.43057560851015586,0.030800847136043502,-0.021438127008202523,-0.018107554983945534,-0.012697060572490232,0.015523557766455972,-0.01177438949697575,-0.00964534395895224,-0.0030515467578764426,6.789293824614555,-8.347484715504976,-0.0016168761288366392,-0.23850207694174852,-1.5707910487304946,0.6828149182876054,-1.0,0.8614019117209765,0.7981358476871752,0,zero,0,0.23850207694174852,0.2337390629819005,2.457161298870647,1.2848832513996244,1.4009221685225068,-0.4605456029615634,0.3084287141526164,2.4587828512940297,1.2834928487690052,1.3348013402515675,-0.7617959060831774,0.005889449459143546,-0.0013353508875194433,0.0011894274293398563,-0.001019993561311735,0.0015455719784117708,2.2743837728970653,-6.664560778466488,-15.150056740194474,0.05331200000008767,-0.8686068654060364,-5.278064401981197e-06,-5.944849617023351e-07,0.0,0.0,0.0,1,-0.10453271965497199,-4.5,9.0,9.0,-0.10453271965497199,-1.7340490806615019,2.6026536605493504,3.4665669361582823,-0.004791558758953817,0.002795007445276723,0.002340555364704949,0.021865814436036957,-0.12469098574833756,-0.3677444186165927,0.0,0.0,0.0,0.0,0.0,-0.1960111000468254,-30.0,30.0,30.0,51.961893925754296,-2.765950919338498,6.39734633945065,5.533433063841718,-0.1960111000468254,-38.72176182513326,69.08406747626583,115.83227559233137,140.3179878246433,4.939999999999939
0.0,0.0,0.0,0.0,0.0,0.0,0.0,0.0,0.0,0.0,0.0,0.0,0,0.0,-1.5707963267948966,nan,-0.22404429157469252,-0.18224919346294685,-0.08645226262160025,-0.004770406923278792,-1.5707916429757776,-0.2487783338755722,-0.2029869479125949,0.6843881131023861,-0.10163914355608342,0.4896959493489756,-0.3295915292677143,-0.2630199465702504,-0.24898203619929393,0.03567167869155824,-0.024734042300879666,-0.020737754449648038,-0.015186880934483171,0.013450610942680265,-0.010029119491178965,-0.008169237022302737,-0.0036877179171464058,1.382357212374135,-1.6993376993900209,0.014851495667712059,-0.29644194760905784,-1.5707908002199775,0.6828947860182204,-1.0,0.8614019117209679,0.798135847687164,0,zero,0,0.2964419476090576,0.29167154068577883,2.4572111142736146,1.284871956448708,1.4009322291923716,-0.4605542304895919,0.39849816325288673,2.4587025227110755,1.2979044814252978,1.295497923956783,-0.844627559932057,0.004123487887177305,-0.0009349436221528632,0.0008327755644366411,-0.0007141467337898532,-0.014867247466657199,0.7685863151488093,-1.8584943417748785,-3.2804923568948765,0.03974400000007717,-1.1821943521499634,-5.5265749190347435e-06,-8.427558002566116e-07,0.0,0.0,0.0,1,-0.03581384490955488,-4.5,9.0,9.0,-0.03581384490955488,-2.6942009246364664,4.854061116412364,5.566356879461555,-0.004791558758953817,0.0027950074452766953,0.0023405553647049162,0.012634213363984964,-0.05312185353729052,-0.13235281647760977,0.0,0.0,0.0,0.0,0.0,-0.06715515640269057,-30.0,30.0,30.0,51.96156762276357,-1.8057990753635336,4.145938883587636,3.433643120538445,-0.06715515640269057,-32.90379310783591,55.42086201241285,87.46390564288832,108.64654088927672,4.949999999999939
0.0,0.0,0.0,0.0,0.0,0.0,0.0,0.0,0.0,0.0,0.0,0.0,0,0.0,-1.5707963267948966,nan,-0.2269064948878129,-0.1846607884985255,-0.08884935193450888,-0.004775403000129241,-1.570791642813813,-0.24878422023537086,-0.20297780010968783,0.6843544484180044,-0.10163737051865254,0.44466934910997796,0.2856316953321697,0.2420742838485701,0.2398862350339509,0.03126789407771237,-0.02187772534755797,-0.018317011611162337,-0.012788018584143662,0.00617706395429458,-0.0047734199634896154,-0.0038255586644426604,-0.0008577189822499449,-4.896086684260163,6.01607513255044,0.02710469466548121,-0.2591993164008195,-1.5707909405172382,0.6831158849666947,-1.0,0.8614019117209679,0.7981358476871638,0,zero,0,0.2591993164008195,0.25442391340069026,2.4572447789311247,1.284864323455065,1.4009390280735436,-0.460560060870537,0.3461387893312774,2.458481704703347,1.293775155298027,1.3120439834000608,-0.7949681941489045,0.00266061933373485,-0.00060325849016979,0.0005373360679176908,-0.0004607925763413738,-0.027053684488828732,-1.2034868886983725,4.03647738712458,10.58958944465431,0.028000000000065996,-0.9348042011260986,-5.3862776585589245e-06,-7.022965746728005e-07,0.0,0.0,0.0,1,0.037309263214426125,-2.396915549531901,5.91643575654167,9.0,0.037309263214426125,-2.9959843123947087,5.682556570133883,6.737556101870889,-0.004791558758953817,0.0027950074452766953,0.002340555364704916,-0.010382026834543154,0.05123344810772713,0.1716241403274451,0.0,0.0,0.0,0.0,0.0,0.0699592409796102,-15.979436996879338,19.721452521805567,30.0,39.29736620439677,0.599068762862808,0.23387918640778693,2.262443898129111,0.0699592409796102,-15.979436996879338,19.721452521805567,31.610868010711304,40.54047319646229,4.959999999999939
0.0,0.0,0.0,0.0,0.0,0.0,0.0,0.0,0.0,0.0,0.0,0.0,0,0.0,-1.5707963267948966,nan,-0.23573461800799278,-0.19196042164793153,-0.09412885071665147,-0.004778457890839416,-1.5707916427147812,-0.24878781932717042,-0.2029722065272959,0.6843338638804275,-0.10163628638046654,1.2614401210874167,0.8824524028380326,0.7305226731797981,0.5280582920328597,0.01865494736402922,-0.013053201319177643,-0.011011784879364356,-0.007507435663815065,0.004614542894608298,0.0026959645013872047,0.002315680228385752,0.0029433665441638904,-9.656204109972188,11.857966463151136,0.02991387277066395,-0.13167034148809376,-1.5707913884031093,0.6834099745176214,-0.1998432101379759,-0.8615413312003699,-0.799298300524389,0,zero,0,0.13167034148809353,0.12689188359725456,2.4572653634522696,1.2848596562007195,1.4009431853032202,-0.46056362590308825,0.16024569398341929,2.458188521065088,1.2728636455381173,1.381255205788254,-0.6191395049359681,0.0015087905723162563,-0.00034209731211726403,0.0003047138623553633,-0.00026130739041170525,-0.02981881721230724,-2.506188869329308,8.372531735652501,21.1586171135451,0.01817600000005416,-0.3686356246471405,-4.938391787057128e-06,-2.5431167216538597e-07,0.0,0.0,0.0,1,0.11297003862680866,0.3849221875377477,-8.636653334931108,-9.0,0.11297003862680866,-2.453382614432876,2.9849788097590304,3.9929602462297806,-0.0009575604839540667,-0.0027954598223583374,-0.0023439642896796154,-0.021166420631160063,0.13189545514767598,0.4243078134060136,0.0,0.0,0.0,0.0,0.0,0.2118320619291368,2.566147916918318,-28.78884444977036,-30.0,41.658463158247194,2.8383048019706236,-11.621632144690139,-12.992960246229782,0.2118320619291368,2.566147916918318,-28.78884444977036,-39.775801298794924,49.168505383713416,4.9699999999999385
0.0,0.0,0.0,0.0,0.0,0.0,0.0,0.0,0.0,0.0,0.0,0.0,0,0.0,-1.5707963267948966,nan,-0.24676858146076733,-0.20104567652828492,-0.09636115642746379,-0.0047800391383634455,-1.5707916426635231,-0.24878968220909756,-0.20296931119734704,0.6843232090805699,-0.10163572521760617,1.4466769222112217,1.1032100570847414,0.9088150210302237,0.22328668736726898,0.005967101012791952,-0.002021100748330229,-0.0019236346690621187,-0.0052745687901423755,0.012366288690699149,0.009135873953037183,0.0075891217678139555,0.0034447255172542837,-10.106929438785675,12.405288650969034,0.019243684324726156,0.031056160273715605,-1.570791848846492,0.6836543080737832,0.8513665535173628,-0.861401911727437,-0.7981358006824412,0,zero,0,-0.031056160273715605,-0.03583619941207905,2.457276018243622,1.2848572403747263,1.4009453371344187,-0.4605654712060579,0.1042191437070103,2.457945180203206,1.2470015959127176,1.4706066938568358,-0.39292356334375367,0.0006760143247357128,-0.0001532768614068327,0.00013652718917877375,-0.00011707889903264406,-0.019152982490441815,-2.4859785933640346,8.798848674299533,22.31415792554572,0.010368000000041646,-0.11936191469430923,-4.477948404524312e-06,2.0618296892038757e-07,0.0,0.0,0.0,1,0.15218278027734866,1.8990527025249788,-9.0,-9.0,0.15218278027734866,-1.3780329850322912,-0.702211080425808,-0.18899146462383976,0.004079372866586444,-0.0027950074452976854,-0.0023405552268622714,-0.022706075213702707,0.1514466572992004,0.48944618184053684,0.0,0.0,0.0,0.0,0.0,0.2853605480542821,12.660351350166525,-30.0,-30.0,44.27601977314638,3.2770856875572703,-8.297788919574192,-8.81100853537616,0.2853605480542821,12.660351350166525,-68.11771353138437,-99.8157845025486,121.50547172681162,4.979999999999938
0.0,0.0,0.0,0.0,0.0,0.0,0.0,0.0,0.0,0.0,0.0,0.0,0,0.0,-1.5707963267948966,nan,-0.2552097546153416,-0.20796521549892089,-0.09436583173752505,-0.004780626226045914,-1.5707916426444914,-0.24879037385360409,-0.20296823621094734,0.6843192531523169,-0.1016355168682917,1.1095815196583738,0.8440481510067765,0.6920613957035665,-0.199511634062427,0.010909930030439803,0.0064193807617375365,0.004996979287973546,-0.0072696851307666455,0.015198256493893414,0.011696868219941012,0.009656067040519144,0.0009646987138517468,-6.835600350036491,8.38834127164867,0.002516218721051657,0.16375770786005384,-1.5707921568592182,0.6837541618290961,1.0,-0.8614019117209689,-0.7981358476871726,0,zero,0,-0.16375770786005361,-0.16853833408609997,2.457279974168717,1.2848563434236406,1.4009461360691662,-0.4605661563325971,0.29711110636603083,2.457846018820854,1.2266690357359737,1.544265274516952,-0.20689599470899617,0.00017036926113804784,-3.8628864318297045e-05,3.440760867713218e-05,-2.950624682523672e-05,-0.0024599288221062356,-1.6691326620251843,6.091585662248114,15.243252496460547,0.004672000000028453,-0.3406129479408264,-4.1699356785329655e-06,5.142147267989117e-07,0.0,0.0,0.0,1,0.10060098537800315,2.1437781749712443,-9.0,-9.0,0.10060098537800315,-0.27669685685856266,-3.5770020770870663,-3.4621515642942002,0.004791558758953817,-0.0027950074452766987,-0.002340555364704942,-0.01773399423483555,0.11569609059024574,0.36977582066339915,0.0,0.0,0.0,0.0,0.0,0.18863863749859958,14.291854499808297,-30.0,-30.0,44.76932755335117,2.420475031829807,-5.422997922912934,-5.5378484357058,0.18863863749859958,14.291854499808297,-76.32376803169268,-114.47665774235224,138.32756566930013,4.989999999999938
0.0,0.0,0.0,0.0,0.0,0.0,0.0,0.0,0.0,0.0,0.0,0.0,1,0.0,-1.5707963267948966,nan,-0.2583866619433403,-0.21052931771074215,-0.0921608362810224,-0.004780710675490241,-1.5707916426417543,-0.24879047334260124,-0.20296808157966648,0.6843186841130531,-0.10163548689834867,0.46399778016987187,0.31768078390015386,0.25642568431021306,-0.2204965486559629,0.015460534654766633,0.009596188600739075,0.007561236131075677,-0.009474650617326275,0.0128372228859863,0.009898265267378074,0.008132489034587654,-0.0008253836825494465,-1.366081368040049,1.6765889927269595,-0.01197232172273023,0.22187028392002905,-1.5707922850311606,0.6836966835877715,1.0,-0.8614019117209679,-0.7981358476871638,0,zero,0,-0.22187028392002883,-0.22665099459551907,2.4572805432075264,1.284856214401992,1.4009462509916852,-0.4605662548844101,0.38723165400221743,0.6746987673579999,1.2749698005,1.4161152989999999,-0.45050822999999995,0.0,-0.0,0.0,-0.0,0.0,0.0,0.0,0.0,0.0011840000000145727,-10.551493644714355,-4.041763736140069e-06,6.423894065576974e-07,0.0,0.0,0.0,1,-0.001665635757128895,1.7437214544837567,-9.0,-9.0,-0.001665635757128895,0.5028973648356392,-5.505231437659566,-5.5622539073933694,0.004791558758953817,-0.0027950074452766953,-0.002340555364704916,-0.010311089563513173,0.0476874194260992,0.13225669699846332,0.0,0.0,0.0,0.0,0.0,-0.0031232622485072095,11.624809696558378,-30.0,-30.0,43.9901831120986,1.2408240896481175,-3.4947685623404343,-3.4377460926066306,-0.0031232622485072095,11.624809696558378,-58.53952434839395,-86.30514225485668,104.9313570902579,4.999999999999938
